1.00000e-02	3.99933e-03	3.99933e-03
2.00000e-02	7.99794e-03	7.99693e-03
3.00000e-02	1.19948e-02	1.19898e-02
4.00000e-02	1.59893e-02	1.59753e-02
5.00000e-02	1.99809e-02	1.99508e-02
6.00000e-02	2.39690e-02	2.39138e-02
7.00000e-02	2.79529e-02	2.78617e-02
8.00000e-02	3.19320e-02	3.17920e-02
9.00000e-02	3.59058e-02	3.57021e-02
1.00000e-01	3.98736e-02	3.95896e-02
1.10000e-01	4.38349e-02	4.34519e-02
1.20000e-01	4.77890e-02	4.72867e-02
1.30000e-01	5.17354e-02	5.10914e-02
1.40000e-01	5.56734e-02	5.48638e-02
1.50000e-01	5.96025e-02	5.86013e-02
1.60000e-01	6.35221e-02	6.23018e-02
1.70000e-01	6.74314e-02	6.59627e-02
1.80000e-01	7.13300e-02	6.95820e-02
1.90000e-01	7.52173e-02	7.31573e-02
2.00000e-01	7.90925e-02	7.66863e-02
2.10000e-01	8.29551e-02	8.01670e-02
2.20000e-01	8.68045e-02	8.35971e-02
2.30000e-01	9.06400e-02	8.69745e-02
2.40000e-01	9.44610e-02	9.02972e-02
2.50000e-01	9.82669e-02	9.35630e-02
2.60000e-01	1.02057e-01	9.67701e-02
2.70000e-01	1.05831e-01	9.99164e-02
2.80000e-01	1.09587e-01	1.03000e-01
2.90000e-01	1.13326e-01	1.06019e-01
3.00000e-01	1.17047e-01	1.08971e-01
3.10000e-01	1.20748e-01	1.11856e-01
3.20000e-01	1.24430e-01	1.14670e-01
3.30000e-01	1.28092e-01	1.17413e-01
3.40000e-01	1.31732e-01	1.20082e-01
3.50000e-01	1.35350e-01	1.22676e-01
3.60000e-01	1.38947e-01	1.25193e-01
3.70000e-01	1.42519e-01	1.27633e-01
3.80000e-01	1.46069e-01	1.29992e-01
3.90000e-01	1.49593e-01	1.32271e-01
4.00000e-01	1.53092e-01	1.34467e-01
4.10000e-01	1.56565e-01	1.36579e-01
4.20000e-01	1.60012e-01	1.38606e-01
4.30000e-01	1.63431e-01	1.40547e-01
4.40000e-01	1.66821e-01	1.42400e-01
4.50000e-01	1.70183e-01	1.44164e-01
4.60000e-01	1.73515e-01	1.45838e-01
4.70000e-01	1.76816e-01	1.47422e-01
4.80000e-01	1.80086e-01	1.48913e-01
4.90000e-01	1.83325e-01	1.50312e-01
5.00000e-01	1.86530e-01	1.51617e-01
5.10000e-01	1.89702e-01	1.52827e-01
5.20000e-01	1.92839e-01	1.53942e-01
5.30000e-01	1.95941e-01	1.54960e-01
5.40000e-01	1.99007e-01	1.55882e-01
5.50000e-01	2.02037e-01	1.56706e-01
5.60000e-01	2.05029e-01	1.57432e-01
5.70000e-01	2.07983e-01	1.58060e-01
5.80000e-01	2.10897e-01	1.58588e-01
5.90000e-01	2.13772e-01	1.59016e-01
6.00000e-01	2.16606e-01	1.59345e-01
6.10000e-01	2.19398e-01	1.59574e-01
6.20000e-01	2.22148e-01	1.59701e-01
6.30000e-01	2.24855e-01	1.59728e-01
6.40000e-01	2.27517e-01	1.59654e-01
6.50000e-01	2.30135e-01	1.59479e-01
6.60000e-01	2.32708e-01	1.59203e-01
6.70000e-01	2.35233e-01	1.58825e-01
6.80000e-01	2.37712e-01	1.58346e-01
6.90000e-01	2.40143e-01	1.57766e-01
7.00000e-01	2.42524e-01	1.57085e-01
7.10000e-01	2.44857e-01	1.56304e-01
7.20000e-01	2.47138e-01	1.55421e-01
7.30000e-01	2.49369e-01	1.54438e-01
7.40000e-01	2.51547e-01	1.53355e-01
7.50000e-01	2.53673e-01	1.52173e-01
7.60000e-01	2.55744e-01	1.50891e-01
7.70000e-01	2.57762e-01	1.49510e-01
7.80000e-01	2.59724e-01	1.48031e-01
7.90000e-01	2.61631e-01	1.46454e-01
8.00000e-01	2.63480e-01	1.44780e-01
8.10000e-01	2.65273e-01	1.43010e-01
8.20000e-01	2.67007e-01	1.41143e-01
8.30000e-01	2.68682e-01	1.39182e-01
8.40000e-01	2.70297e-01	1.37126e-01
8.50000e-01	2.71852e-01	1.34977e-01
8.60000e-01	2.73346e-01	1.32734e-01
8.70000e-01	2.74779e-01	1.30400e-01
8.80000e-01	2.76148e-01	1.27975e-01
8.90000e-01	2.77455e-01	1.25460e-01
9.00000e-01	2.78697e-01	1.22856e-01
9.10000e-01	2.79876e-01	1.20165e-01
9.20000e-01	2.80989e-01	1.17386e-01
9.30000e-01	2.82036e-01	1.14522e-01
9.40000e-01	2.83017e-01	1.11573e-01
9.50000e-01	2.83931e-01	1.08541e-01
9.60000e-01	2.84777e-01	1.05426e-01
9.70000e-01	2.85555e-01	1.02231e-01
9.80000e-01	2.86264e-01	9.89560e-02
9.90000e-01	2.86904e-01	9.56028e-02
1.00000e+00	2.87474e-01	9.21725e-02
1.01000e+00	2.87974e-01	8.86666e-02
1.02000e+00	2.88403e-01	8.50865e-02
1.03000e+00	2.88761e-01	8.14336e-02
1.04000e+00	2.89047e-01	7.77094e-02
1.05000e+00	2.89261e-01	7.39153e-02
1.06000e+00	2.89402e-01	7.00529e-02
1.07000e+00	2.89470e-01	6.61236e-02
1.08000e+00	2.89464e-01	6.21290e-02
1.09000e+00	2.89385e-01	5.80708e-02
1.10000e+00	2.89231e-01	5.39504e-02
1.11000e+00	2.89003e-01	4.97694e-02
1.12000e+00	2.88700e-01	4.55296e-02
1.13000e+00	2.88322e-01	4.12326e-02
1.14000e+00	2.87868e-01	3.68801e-02
1.15000e+00	2.87339e-01	3.24736e-02
1.16000e+00	2.86733e-01	2.80150e-02
1.17000e+00	2.86052e-01	2.35059e-02
1.18000e+00	2.85294e-01	1.89481e-02
1.19000e+00	2.84459e-01	1.43433e-02
1.20000e+00	2.83548e-01	9.69334e-03
1.21000e+00	2.82560e-01	4.99989e-03
1.22000e+00	2.81495e-01	2.64772e-04
1.23000e+00	2.80353e-01	-4.51023e-03
1.24000e+00	2.79134e-01	-9.32330e-03
1.25000e+00	2.77837e-01	-1.41727e-02
1.26000e+00	2.76464e-01	-1.90565e-02
1.27000e+00	2.75013e-01	-2.39729e-02
1.28000e+00	2.73485e-01	-2.89201e-02
1.29000e+00	2.71879e-01	-3.38963e-02
1.30000e+00	2.70197e-01	-3.88996e-02
1.31000e+00	2.68438e-01	-4.39282e-02
1.32000e+00	2.66602e-01	-4.89802e-02
1.33000e+00	2.64689e-01	-5.40537e-02
1.34000e+00	2.62699e-01	-5.91470e-02
1.35000e+00	2.60633e-01	-6.42582e-02
1.36000e+00	2.58491e-01	-6.93853e-02
1.37000e+00	2.56273e-01	-7.45267e-02
1.38000e+00	2.53979e-01	-7.96804e-02
1.39000e+00	2.51610e-01	-8.48446e-02
1.40000e+00	2.49166e-01	-9.00174e-02
1.41000e+00	2.46648e-01	-9.51972e-02
1.42000e+00	2.44055e-01	-1.00382e-01
1.43000e+00	2.41389e-01	-1.05570e-01
1.44000e+00	2.38649e-01	-1.10759e-01
1.45000e+00	2.35837e-01	-1.15948e-01
1.46000e+00	2.32952e-01	-1.21135e-01
1.47000e+00	2.29996e-01	-1.26319e-01
1.48000e+00	2.26968e-01	-1.31496e-01
1.49000e+00	2.23870e-01	-1.36666e-01
1.50000e+00	2.20702e-01	-1.41827e-01
1.51000e+00	2.17464e-01	-1.46978e-01
1.52000e+00	2.14158e-01	-1.52115e-01
1.53000e+00	2.10784e-01	-1.57239e-01
1.54000e+00	2.07343e-01	-1.62347e-01
1.55000e+00	2.03835e-01	-1.67438e-01
1.56000e+00	2.00261e-01	-1.72509e-01
1.57000e+00	1.96622e-01	-1.77560e-01
1.58000e+00	1.92919e-01	-1.82589e-01
1.59000e+00	1.89152e-01	-1.87594e-01
1.60000e+00	1.85323e-01	-1.92574e-01
1.61000e+00	1.81432e-01	-1.97527e-01
1.62000e+00	1.77480e-01	-2.02452e-01
1.63000e+00	1.73468e-01	-2.07347e-01
1.64000e+00	1.69397e-01	-2.12211e-01
1.65000e+00	1.65267e-01	-2.17043e-01
1.66000e+00	1.61080e-01	-2.21840e-01
1.67000e+00	1.56837e-01	-2.26603e-01
1.68000e+00	1.52538e-01	-2.31328e-01
1.69000e+00	1.48185e-01	-2.36016e-01
1.70000e+00	1.43778e-01	-2.40664e-01
1.71000e+00	1.39319e-01	-2.45272e-01
1.72000e+00	1.34808e-01	-2.49838e-01
1.73000e+00	1.30246e-01	-2.54360e-01
1.74000e+00	1.25635e-01	-2.58839e-01
1.75000e+00	1.20976e-01	-2.63272e-01
1.76000e+00	1.16269e-01	-2.67659e-01
1.77000e+00	1.11516e-01	-2.71998e-01
1.78000e+00	1.06717e-01	-2.76288e-01
1.79000e+00	1.01874e-01	-2.80528e-01
1.80000e+00	9.69882e-02	-2.84718e-01
1.81000e+00	9.20601e-02	-2.88856e-01
1.82000e+00	8.70909e-02	-2.92940e-01
1.83000e+00	8.20817e-02	-2.96971e-01
1.84000e+00	7.70338e-02	-3.00948e-01
1.85000e+00	7.19481e-02	-3.04868e-01
1.86000e+00	6.68258e-02	-3.08732e-01
1.87000e+00	6.16679e-02	-3.12538e-01
1.88000e+00	5.64757e-02	-3.16286e-01
1.89000e+00	5.12503e-02	-3.19975e-01
1.90000e+00	4.59926e-02	-3.23605e-01
1.91000e+00	4.07040e-02	-3.27173e-01
1.92000e+00	3.53854e-02	-3.30680e-01
1.93000e+00	3.00381e-02	-3.34125e-01
1.94000e+00	2.46631e-02	-3.37508e-01
1.95000e+00	1.92616e-02	-3.40826e-01
1.96000e+00	1.38348e-02	-3.44081e-01
1.97000e+00	8.38366e-03	-3.47271e-01
1.98000e+00	2.90941e-03	-3.50396e-01
1.99000e+00	-2.58683e-03	-3.53455e-01
2.00000e+00	-8.10394e-03	-3.56447e-01
2.01000e+00	-1.36408e-02	-3.59373e-01
2.02000e+00	-1.91963e-02	-3.62231e-01
2.03000e+00	-2.47692e-02	-3.65021e-01
2.04000e+00	-3.03586e-02	-3.67743e-01
2.05000e+00	-3.59632e-02	-3.70396e-01
2.06000e+00	-4.15819e-02	-3.72980e-01
2.07000e+00	-4.72137e-02	-3.75495e-01
2.08000e+00	-5.28574e-02	-3.77939e-01
2.09000e+00	-5.85119e-02	-3.80313e-01
2.10000e+00	-6.41761e-02	-3.82617e-01
2.11000e+00	-6.98489e-02	-3.84849e-01
2.12000e+00	-7.55293e-02	-3.87010e-01
2.13000e+00	-8.12161e-02	-3.89100e-01
2.14000e+00	-8.69083e-02	-3.91119e-01
2.15000e+00	-9.26047e-02	-3.93065e-01
2.16000e+00	-9.83044e-02	-3.94939e-01
2.17000e+00	-1.04006e-01	-3.96741e-01
2.18000e+00	-1.09709e-01	-3.98470e-01
2.19000e+00	-1.15412e-01	-4.00127e-01
2.20000e+00	-1.21114e-01	-4.01710e-01
2.21000e+00	-1.26814e-01	-4.03221e-01
2.22000e+00	-1.32510e-01	-4.04659e-01
2.23000e+00	-1.38203e-01	-4.06024e-01
2.24000e+00	-1.43890e-01	-4.07316e-01
2.25000e+00	-1.49572e-01	-4.08534e-01
2.26000e+00	-1.55246e-01	-4.09680e-01
2.27000e+00	-1.60911e-01	-4.10752e-01
2.28000e+00	-1.66568e-01	-4.11750e-01
2.29000e+00	-1.72215e-01	-4.12676e-01
2.30000e+00	-1.77850e-01	-4.13528e-01
2.31000e+00	-1.83473e-01	-4.14308e-01
2.32000e+00	-1.89083e-01	-4.15014e-01
2.33000e+00	-1.94679e-01	-4.15647e-01
2.34000e+00	-2.00260e-01	-4.16207e-01
2.35000e+00	-2.05825e-01	-4.16694e-01
2.36000e+00	-2.11373e-01	-4.17109e-01
2.37000e+00	-2.16903e-01	-4.17450e-01
2.38000e+00	-2.22415e-01	-4.17720e-01
2.39000e+00	-2.27907e-01	-4.17917e-01
2.40000e+00	-2.33378e-01	-4.18042e-01
2.41000e+00	-2.38828e-01	-4.18095e-01
2.42000e+00	-2.44255e-01	-4.18076e-01
2.43000e+00	-2.49659e-01	-4.17986e-01
2.44000e+00	-2.55039e-01	-4.17824e-01
2.45000e+00	-2.60395e-01	-4.17592e-01
2.46000e+00	-2.65724e-01	-4.17288e-01
2.47000e+00	-2.71026e-01	-4.16913e-01
2.48000e+00	-2.76301e-01	-4.16468e-01
2.49000e+00	-2.81548e-01	-4.15953e-01
2.50000e+00	-2.86766e-01	-4.15369e-01
2.51000e+00	-2.91953e-01	-4.14714e-01
2.52000e+00	-2.97110e-01	-4.13990e-01
2.53000e+00	-3.02235e-01	-4.13197e-01
2.54000e+00	-3.07328e-01	-4.12336e-01
2.55000e+00	-3.12387e-01	-4.11406e-01
2.56000e+00	-3.17413e-01	-4.10408e-01
2.57000e+00	-3.22404e-01	-4.09343e-01
2.58000e+00	-3.27359e-01	-4.08210e-01
2.59000e+00	-3.32279e-01	-4.07010e-01
2.60000e+00	-3.37161e-01	-4.05743e-01
2.61000e+00	-3.42005e-01	-4.04410e-01
2.62000e+00	-3.46812e-01	-4.03012e-01
2.63000e+00	-3.51579e-01	-4.01548e-01
2.64000e+00	-3.56306e-01	-4.00018e-01
2.65000e+00	-3.60993e-01	-3.98424e-01
2.66000e+00	-3.65638e-01	-3.96766e-01
2.67000e+00	-3.70242e-01	-3.95044e-01
2.68000e+00	-3.74803e-01	-3.93259e-01
2.69000e+00	-3.79321e-01	-3.91410e-01
2.70000e+00	-3.83795e-01	-3.89499e-01
2.71000e+00	-3.88224e-01	-3.87526e-01
2.72000e+00	-3.92608e-01	-3.85491e-01
2.73000e+00	-3.96947e-01	-3.83395e-01
2.74000e+00	-4.01239e-01	-3.81238e-01
2.75000e+00	-4.05484e-01	-3.79021e-01
2.76000e+00	-4.09681e-01	-3.76744e-01
2.77000e+00	-4.13830e-01	-3.74407e-01
2.78000e+00	-4.17931e-01	-3.72012e-01
2.79000e+00	-4.21982e-01	-3.69559e-01
2.80000e+00	-4.25983e-01	-3.67047e-01
2.81000e+00	-4.29933e-01	-3.64479e-01
2.82000e+00	-4.33833e-01	-3.61853e-01
2.83000e+00	-4.37680e-01	-3.59171e-01
2.84000e+00	-4.41476e-01	-3.56433e-01
2.85000e+00	-4.45219e-01	-3.53640e-01
2.86000e+00	-4.48909e-01	-3.50792e-01
2.87000e+00	-4.52545e-01	-3.47890e-01
2.88000e+00	-4.56126e-01	-3.44934e-01
2.89000e+00	-4.59653e-01	-3.41925e-01
2.90000e+00	-4.63125e-01	-3.38864e-01
2.91000e+00	-4.66541e-01	-3.35750e-01
2.92000e+00	-4.69901e-01	-3.32585e-01
2.93000e+00	-4.73204e-01	-3.29368e-01
2.94000e+00	-4.76451e-01	-3.26102e-01
2.95000e+00	-4.79639e-01	-3.22785e-01
2.96000e+00	-4.82770e-01	-3.19419e-01
2.97000e+00	-4.85842e-01	-3.16005e-01
2.98000e+00	-4.88856e-01	-3.12542e-01
2.99000e+00	-4.91810e-01	-3.09032e-01
3.00000e+00	-4.94705e-01	-3.05475e-01
3.01000e+00	-4.97539e-01	-3.01872e-01
3.02000e+00	-5.00313e-01	-2.98223e-01
3.03000e+00	-5.03027e-01	-2.94528e-01
3.04000e+00	-5.05679e-01	-2.90789e-01
3.05000e+00	-5.08270e-01	-2.87006e-01
3.06000e+00	-5.10799e-01	-2.83180e-01
3.07000e+00	-5.13265e-01	-2.79311e-01
3.08000e+00	-5.15669e-01	-2.75400e-01
3.09000e+00	-5.18010e-01	-2.71447e-01
3.10000e+00	-5.20288e-01	-2.67453e-01
3.11000e+00	-5.22502e-01	-2.63419e-01
3.12000e+00	-5.24653e-01	-2.59346e-01
3.13000e+00	-5.26739e-01	-2.55233e-01
3.14000e+00	-5.28761e-01	-2.51082e-01
3.15000e+00	-5.30718e-01	-2.46893e-01
3.16000e+00	-5.32610e-01	-2.42667e-01
3.17000e+00	-5.34437e-01	-2.38404e-01
3.18000e+00	-5.36198e-01	-2.34106e-01
3.19000e+00	-5.37894e-01	-2.29772e-01
3.20000e+00	-5.39524e-01	-2.25404e-01
3.21000e+00	-5.41087e-01	-2.21001e-01
3.22000e+00	-5.42584e-01	-2.16566e-01
3.23000e+00	-5.44014e-01	-2.12098e-01
3.24000e+00	-5.45378e-01	-2.07598e-01
3.25000e+00	-5.46674e-01	-2.03066e-01
3.26000e+00	-5.47903e-01	-1.98504e-01
3.27000e+00	-5.49065e-01	-1.93912e-01
3.28000e+00	-5.50159e-01	-1.89291e-01
3.29000e+00	-5.51185e-01	-1.84640e-01
3.30000e+00	-5.52143e-01	-1.79962e-01
3.31000e+00	-5.53033e-01	-1.75257e-01
3.32000e+00	-5.53855e-01	-1.70525e-01
3.33000e+00	-5.54609e-01	-1.65767e-01
3.34000e+00	-5.55294e-01	-1.60983e-01
3.35000e+00	-5.55911e-01	-1.56175e-01
3.36000e+00	-5.56458e-01	-1.51343e-01
3.37000e+00	-5.56938e-01	-1.46488e-01
3.38000e+00	-5.57348e-01	-1.41610e-01
3.39000e+00	-5.57689e-01	-1.36710e-01
3.40000e+00	-5.57961e-01	-1.31789e-01
3.41000e+00	-5.58164e-01	-1.26848e-01
3.42000e+00	-5.58298e-01	-1.21886e-01
3.43000e+00	-5.58362e-01	-1.16906e-01
3.44000e+00	-5.58358e-01	-1.11907e-01
3.45000e+00	-5.58284e-01	-1.06890e-01
3.46000e+00	-5.58141e-01	-1.01856e-01
3.47000e+00	-5.57928e-01	-9.68055e-02
3.48000e+00	-5.57647e-01	-9.17394e-02
3.49000e+00	-5.57295e-01	-8.66584e-02
3.50000e+00	-5.56875e-01	-8.15631e-02
3.51000e+00	-5.56385e-01	-7.64541e-02
3.52000e+00	-5.55826e-01	-7.13323e-02
3.53000e+00	-5.55198e-01	-6.61982e-02
3.54000e+00	-5.54501e-01	-6.10526e-02
3.55000e+00	-5.53734e-01	-5.58962e-02
3.56000e+00	-5.52899e-01	-5.07297e-02
3.57000e+00	-5.51994e-01	-4.55538e-02
3.58000e+00	-5.51021e-01	-4.03692e-02
3.59000e+00	-5.49979e-01	-3.51766e-02
3.60000e+00	-5.48868e-01	-2.99767e-02
3.61000e+00	-5.47688e-01	-2.47702e-02
3.62000e+00	-5.46440e-01	-1.95578e-02
3.63000e+00	-5.45124e-01	-1.43402e-02
3.64000e+00	-5.43739e-01	-9.11816e-03
3.65000e+00	-5.42286e-01	-3.89232e-03
3.66000e+00	-5.40765e-01	1.33658e-03
3.67000e+00	-5.39177e-01	6.56786e-03
3.68000e+00	-5.37520e-01	1.18008e-02
3.69000e+00	-5.35797e-01	1.70347e-02
3.70000e+00	-5.34006e-01	2.22688e-02
3.71000e+00	-5.32148e-01	2.75025e-02
3.72000e+00	-5.30223e-01	3.27351e-02
3.73000e+00	-5.28231e-01	3.79658e-02
3.74000e+00	-5.26173e-01	4.31939e-02
3.75000e+00	-5.24049e-01	4.84188e-02
3.76000e+00	-5.21858e-01	5.36397e-02
3.77000e+00	-5.19602e-01	5.88559e-02
3.78000e+00	-5.17280e-01	6.40668e-02
3.79000e+00	-5.14893e-01	6.92716e-02
3.80000e+00	-5.12441e-01	7.44697e-02
3.81000e+00	-5.09925e-01	7.96603e-02
3.82000e+00	-5.07343e-01	8.48427e-02
3.83000e+00	-5.04698e-01	9.00163e-02
3.84000e+00	-5.01989e-01	9.51803e-02
3.85000e+00	-4.99216e-01	1.00334e-01
3.86000e+00	-4.96380e-01	1.05477e-01
3.87000e+00	-4.93481e-01	1.10608e-01
3.88000e+00	-4.90520e-01	1.15727e-01
3.89000e+00	-4.87496e-01	1.20833e-01
3.90000e+00	-4.84410e-01	1.25925e-01
3.91000e+00	-4.81263e-01	1.31003e-01
3.92000e+00	-4.78054e-01	1.36066e-01
3.93000e+00	-4.74785e-01	1.41113e-01
3.94000e+00	-4.71455e-01	1.46144e-01
3.95000e+00	-4.68066e-01	1.51158e-01
3.96000e+00	-4.64616e-01	1.56154e-01
3.97000e+00	-4.61108e-01	1.61131e-01
3.98000e+00	-4.57540e-01	1.66089e-01
3.99000e+00	-4.53914e-01	1.71028e-01
4.00000e+00	-4.50230e-01	1.75946e-01
4.01000e+00	-4.46489e-01	1.80843e-01
4.02000e+00	-4.42690e-01	1.85718e-01
4.03000e+00	-4.38835e-01	1.90571e-01
4.04000e+00	-4.34924e-01	1.95401e-01
4.05000e+00	-4.30956e-01	2.00207e-01
4.06000e+00	-4.26934e-01	2.04989e-01
4.07000e+00	-4.22857e-01	2.09745e-01
4.08000e+00	-4.18725e-01	2.14476e-01
4.09000e+00	-4.14540e-01	2.19181e-01
4.10000e+00	-4.10301e-01	2.23858e-01
4.11000e+00	-4.06010e-01	2.28509e-01
4.12000e+00	-4.01666e-01	2.33130e-01
4.13000e+00	-3.97271e-01	2.37723e-01
4.14000e+00	-3.92824e-01	2.42287e-01
4.15000e+00	-3.88327e-01	2.46820e-01
4.16000e+00	-3.83779e-01	2.51323e-01
4.17000e+00	-3.79182e-01	2.55794e-01
4.18000e+00	-3.74536e-01	2.60234e-01
4.19000e+00	-3.69842e-01	2.64641e-01
4.20000e+00	-3.65099e-01	2.69014e-01
4.21000e+00	-3.60310e-01	2.73354e-01
4.22000e+00	-3.55473e-01	2.77660e-01
4.23000e+00	-3.50591e-01	2.81930e-01
4.24000e+00	-3.45663e-01	2.86165e-01
4.25000e+00	-3.40690e-01	2.90364e-01
4.26000e+00	-3.35673e-01	2.94527e-01
4.27000e+00	-3.30612e-01	2.98652e-01
4.28000e+00	-3.25508e-01	3.02739e-01
4.29000e+00	-3.20362e-01	3.06788e-01
4.30000e+00	-3.15174e-01	3.10797e-01
4.31000e+00	-3.09945e-01	3.14767e-01
4.32000e+00	-3.04675e-01	3.18698e-01
4.33000e+00	-2.99366e-01	3.22587e-01
4.34000e+00	-2.94017e-01	3.26435e-01
4.35000e+00	-2.88630e-01	3.30242e-01
4.36000e+00	-2.83205e-01	3.34006e-01
4.37000e+00	-2.77743e-01	3.37728e-01
4.38000e+00	-2.72245e-01	3.41406e-01
4.39000e+00	-2.66711e-01	3.45041e-01
4.40000e+00	-2.61142e-01	3.48631e-01
4.41000e+00	-2.55538e-01	3.52176e-01
4.42000e+00	-2.49901e-01	3.55676e-01
4.43000e+00	-2.44231e-01	3.59130e-01
4.44000e+00	-2.38529e-01	3.62538e-01
4.45000e+00	-2.32795e-01	3.65899e-01
4.46000e+00	-2.27031e-01	3.69213e-01
4.47000e+00	-2.21236e-01	3.72479e-01
4.48000e+00	-2.15413e-01	3.75697e-01
4.49000e+00	-2.09561e-01	3.78866e-01
4.50000e+00	-2.03681e-01	3.81986e-01
4.51000e+00	-1.97774e-01	3.85056e-01
4.52000e+00	-1.91841e-01	3.88077e-01
4.53000e+00	-1.85882e-01	3.91047e-01
4.54000e+00	-1.79899e-01	3.93966e-01
4.55000e+00	-1.73891e-01	3.96833e-01
4.56000e+00	-1.67861e-01	3.99649e-01
4.57000e+00	-1.61808e-01	4.02413e-01
4.58000e+00	-1.55733e-01	4.05125e-01
4.59000e+00	-1.49638e-01	4.07783e-01
4.60000e+00	-1.43523e-01	4.10388e-01
4.61000e+00	-1.37388e-01	4.12939e-01
4.62000e+00	-1.31235e-01	4.15437e-01
4.63000e+00	-1.25064e-01	4.17880e-01
4.64000e+00	-1.18877e-01	4.20267e-01
4.65000e+00	-1.12673e-01	4.22600e-01
4.66000e+00	-1.06454e-01	4.24878e-01
4.67000e+00	-1.00221e-01	4.27099e-01
4.68000e+00	-9.39745e-02	4.29264e-01
4.69000e+00	-8.77149e-02	4.31373e-01
4.70000e+00	-8.14434e-02	4.33425e-01
4.71000e+00	-7.51608e-02	4.35419e-01
4.72000e+00	-6.88680e-02	4.37356e-01
4.73000e+00	-6.25656e-02	4.39236e-01
4.74000e+00	-5.62546e-02	4.41057e-01
4.75000e+00	-4.99359e-02	4.42820e-01
4.76000e+00	-4.36102e-02	4.44525e-01
4.77000e+00	-3.72783e-02	4.46170e-01
4.78000e+00	-3.09412e-02	4.47756e-01
4.79000e+00	-2.45997e-02	4.49283e-01
4.80000e+00	-1.82545e-02	4.50751e-01
4.81000e+00	-1.19067e-02	4.52158e-01
4.82000e+00	-5.55687e-03	4.53505e-01
4.83000e+00	7.93955e-04	4.54792e-01
4.84000e+00	7.14499e-03	4.56019e-01
4.85000e+00	1.34954e-02	4.57185e-01
4.86000e+00	1.98442e-02	4.58289e-01
4.87000e+00	2.61908e-02	4.59333e-01
4.88000e+00	3.25341e-02	4.60315e-01
4.89000e+00	3.88734e-02	4.61236e-01
4.90000e+00	4.52077e-02	4.62095e-01
4.91000e+00	5.15363e-02	4.62893e-01
4.92000e+00	5.78583e-02	4.63628e-01
4.93000e+00	6.41727e-02	4.64301e-01
4.94000e+00	7.04789e-02	4.64913e-01
4.95000e+00	7.67759e-02	4.65461e-01
4.96000e+00	8.30628e-02	4.65948e-01
4.97000e+00	8.93389e-02	4.66371e-01
4.98000e+00	9.56032e-02	4.66732e-01
4.99000e+00	1.01855e-01	4.67031e-01
5.00000e+00	1.08093e-01	4.67266e-01
5.01000e+00	1.14317e-01	4.67439e-01
5.02000e+00	1.20526e-01	4.67548e-01
5.03000e+00	1.26719e-01	4.67595e-01
5.04000e+00	1.32895e-01	4.67579e-01
5.05000e+00	1.39053e-01	4.67499e-01
5.06000e+00	1.45193e-01	4.67356e-01
5.07000e+00	1.51313e-01	4.67150e-01
5.08000e+00	1.57413e-01	4.66881e-01
5.09000e+00	1.63492e-01	4.66549e-01
5.10000e+00	1.69549e-01	4.66154e-01
5.11000e+00	1.75583e-01	4.65695e-01
5.12000e+00	1.81594e-01	4.65174e-01
5.13000e+00	1.87581e-01	4.64589e-01
5.14000e+00	1.93542e-01	4.63941e-01
5.15000e+00	1.99477e-01	4.63230e-01
5.16000e+00	2.05385e-01	4.62457e-01
5.17000e+00	2.11266e-01	4.61620e-01
5.18000e+00	2.17118e-01	4.60721e-01
5.19000e+00	2.22940e-01	4.59759e-01
5.20000e+00	2.28733e-01	4.58734e-01
5.21000e+00	2.34494e-01	4.57647e-01
5.22000e+00	2.40224e-01	4.56497e-01
5.23000e+00	2.45921e-01	4.55285e-01
5.24000e+00	2.51585e-01	4.54011e-01
5.25000e+00	2.57215e-01	4.52675e-01
5.26000e+00	2.62809e-01	4.51277e-01
5.27000e+00	2.68368e-01	4.49817e-01
5.28000e+00	2.73891e-01	4.48296e-01
5.29000e+00	2.79376e-01	4.46714e-01
5.30000e+00	2.84823e-01	4.45070e-01
5.31000e+00	2.90231e-01	4.43365e-01
5.32000e+00	2.95600e-01	4.41599e-01
5.33000e+00	3.00928e-01	4.39773e-01
5.34000e+00	3.06215e-01	4.37886e-01
5.35000e+00	3.11460e-01	4.35940e-01
5.36000e+00	3.16663e-01	4.33933e-01
5.37000e+00	3.21822e-01	4.31867e-01
5.38000e+00	3.26937e-01	4.29741e-01
5.39000e+00	3.32007e-01	4.27556e-01
5.40000e+00	3.37032e-01	4.25312e-01
5.41000e+00	3.42010e-01	4.23009e-01
5.42000e+00	3.46942e-01	4.20648e-01
5.43000e+00	3.51826e-01	4.18229e-01
5.44000e+00	3.56661e-01	4.15753e-01
5.45000e+00	3.61447e-01	4.13219e-01
5.46000e+00	3.66184e-01	4.10627e-01
5.47000e+00	3.70870e-01	4.07979e-01
5.48000e+00	3.75504e-01	4.05275e-01
5.49000e+00	3.80087e-01	4.02514e-01
5.50000e+00	3.84618e-01	3.99698e-01
5.51000e+00	3.89095e-01	3.96826e-01
5.52000e+00	3.93519e-01	3.93899e-01
5.53000e+00	3.97888e-01	3.90918e-01
5.54000e+00	4.02202e-01	3.87882e-01
5.55000e+00	4.06460e-01	3.84793e-01
5.56000e+00	4.10663e-01	3.81650e-01
5.57000e+00	4.14808e-01	3.78454e-01
5.58000e+00	4.18895e-01	3.75205e-01
5.59000e+00	4.22925e-01	3.71904e-01
5.60000e+00	4.26895e-01	3.68551e-01
5.61000e+00	4.30807e-01	3.65147e-01
5.62000e+00	4.34658e-01	3.61692e-01
5.63000e+00	4.38449e-01	3.58186e-01
5.64000e+00	4.42179e-01	3.54631e-01
5.65000e+00	4.45848e-01	3.51026e-01
5.66000e+00	4.49454e-01	3.47372e-01
5.67000e+00	4.52998e-01	3.43669e-01
5.68000e+00	4.56478e-01	3.39919e-01
5.69000e+00	4.59895e-01	3.36120e-01
5.70000e+00	4.63247e-01	3.32275e-01
5.71000e+00	4.66535e-01	3.28383e-01
5.72000e+00	4.69757e-01	3.24445e-01
5.73000e+00	4.72914e-01	3.20462e-01
5.74000e+00	4.76005e-01	3.16434e-01
5.75000e+00	4.79029e-01	3.12361e-01
5.76000e+00	4.81986e-01	3.08245e-01
5.77000e+00	4.84875e-01	3.04085e-01
5.78000e+00	4.87696e-01	2.99882e-01
5.79000e+00	4.90449e-01	2.95637e-01
5.80000e+00	4.93133e-01	2.91351e-01
5.81000e+00	4.95748e-01	2.87024e-01
5.82000e+00	4.98293e-01	2.82656e-01
5.83000e+00	5.00768e-01	2.78248e-01
5.84000e+00	5.03173e-01	2.73802e-01
5.85000e+00	5.05507e-01	2.69316e-01
5.86000e+00	5.07770e-01	2.64793e-01
5.87000e+00	5.09961e-01	2.60232e-01
5.88000e+00	5.12080e-01	2.55634e-01
5.89000e+00	5.14127e-01	2.51001e-01
5.90000e+00	5.16101e-01	2.46331e-01
5.91000e+00	5.18003e-01	2.41627e-01
5.92000e+00	5.19831e-01	2.36889e-01
5.93000e+00	5.21586e-01	2.32117e-01
5.94000e+00	5.23268e-01	2.27313e-01
5.95000e+00	5.24875e-01	2.22476e-01
5.96000e+00	5.26408e-01	2.17607e-01
5.97000e+00	5.27866e-01	2.12708e-01
5.98000e+00	5.29250e-01	2.07779e-01
5.99000e+00	5.30559e-01	2.02820e-01
6.00000e+00	5.31792e-01	1.97832e-01
6.01000e+00	5.32950e-01	1.92816e-01
6.02000e+00	5.34033e-01	1.87773e-01
6.03000e+00	5.35039e-01	1.82703e-01
6.04000e+00	5.35970e-01	1.77607e-01
6.05000e+00	5.36824e-01	1.72485e-01
6.06000e+00	5.37602e-01	1.67339e-01
6.07000e+00	5.38304e-01	1.62170e-01
6.08000e+00	5.38929e-01	1.56977e-01
6.09000e+00	5.39477e-01	1.51761e-01
6.10000e+00	5.39949e-01	1.46524e-01
6.11000e+00	5.40343e-01	1.41266e-01
6.12000e+00	5.40661e-01	1.35988e-01
6.13000e+00	5.40901e-01	1.30691e-01
6.14000e+00	5.41064e-01	1.25375e-01
6.15000e+00	5.41150e-01	1.20040e-01
6.16000e+00	5.41159e-01	1.14689e-01
6.17000e+00	5.41090e-01	1.09321e-01
6.18000e+00	5.40944e-01	1.03938e-01
6.19000e+00	5.40721e-01	9.85396e-02
6.20000e+00	5.40420e-01	9.31271e-02
6.21000e+00	5.40042e-01	8.77013e-02
6.22000e+00	5.39587e-01	8.22628e-02
6.23000e+00	5.39054e-01	7.68126e-02
6.24000e+00	5.38444e-01	7.13512e-02
6.25000e+00	5.37757e-01	6.58797e-02
6.26000e+00	5.36993e-01	6.03986e-02
6.27000e+00	5.36151e-01	5.49088e-02
6.28000e+00	5.35233e-01	4.94112e-02
6.29000e+00	5.34238e-01	4.39063e-02
6.30000e+00	5.33166e-01	3.83952e-02
6.31000e+00	5.32017e-01	3.28785e-02
6.32000e+00	5.30792e-01	2.73570e-02
6.33000e+00	5.29490e-01	2.18316e-02
6.34000e+00	5.28112e-01	1.63030e-02
6.35000e+00	5.26659e-01	1.07720e-02
6.36000e+00	5.25129e-01	5.23944e-03
6.37000e+00	5.23523e-01	-2.93906e-04
6.38000e+00	5.21843e-01	-5.82723e-03
6.39000e+00	5.20086e-01	-1.13597e-02
6.40000e+00	5.18255e-01	-1.68906e-02
6.41000e+00	5.16349e-01	-2.24191e-02
6.42000e+00	5.14369e-01	-2.79444e-02
6.43000e+00	5.12314e-01	-3.34657e-02
6.44000e+00	5.10185e-01	-3.89821e-02
6.45000e+00	5.07982e-01	-4.44930e-02
6.46000e+00	5.05706e-01	-4.99974e-02
6.47000e+00	5.03357e-01	-5.54946e-02
6.48000e+00	5.00934e-01	-6.09838e-02
6.49000e+00	4.98440e-01	-6.64642e-02
6.50000e+00	4.95873e-01	-7.19350e-02
6.51000e+00	4.93234e-01	-7.73953e-02
6.52000e+00	4.90523e-01	-8.28445e-02
6.53000e+00	4.87742e-01	-8.82817e-02
6.54000e+00	4.84889e-01	-9.37061e-02
6.55000e+00	4.81967e-01	-9.91169e-02
6.56000e+00	4.78974e-01	-1.04513e-01
6.57000e+00	4.75912e-01	-1.09895e-01
6.58000e+00	4.72780e-01	-1.15260e-01
6.59000e+00	4.69580e-01	-1.20608e-01
6.60000e+00	4.66311e-01	-1.25939e-01
6.61000e+00	4.62975e-01	-1.31252e-01
6.62000e+00	4.59571e-01	-1.36546e-01
6.63000e+00	4.56101e-01	-1.41820e-01
6.64000e+00	4.52563e-01	-1.47073e-01
6.65000e+00	4.48960e-01	-1.52304e-01
6.66000e+00	4.45292e-01	-1.57514e-01
6.67000e+00	4.41558e-01	-1.62701e-01
6.68000e+00	4.37760e-01	-1.67863e-01
6.69000e+00	4.33899e-01	-1.73002e-01
6.70000e+00	4.29973e-01	-1.78115e-01
6.71000e+00	4.25985e-01	-1.83202e-01
6.72000e+00	4.21935e-01	-1.88262e-01
6.73000e+00	4.17823e-01	-1.93295e-01
6.74000e+00	4.13650e-01	-1.98300e-01
6.75000e+00	4.09417e-01	-2.03276e-01
6.76000e+00	4.05123e-01	-2.08221e-01
6.77000e+00	4.00771e-01	-2.13137e-01
6.78000e+00	3.96359e-01	-2.18021e-01
6.79000e+00	3.91890e-01	-2.22873e-01
6.80000e+00	3.87363e-01	-2.27693e-01
6.81000e+00	3.82779e-01	-2.32479e-01
6.82000e+00	3.78139e-01	-2.37231e-01
6.83000e+00	3.73444e-01	-2.41949e-01
6.84000e+00	3.68694e-01	-2.46631e-01
6.85000e+00	3.63890e-01	-2.51276e-01
6.86000e+00	3.59032e-01	-2.55885e-01
6.87000e+00	3.54122e-01	-2.60457e-01
6.88000e+00	3.49159e-01	-2.64990e-01
6.89000e+00	3.44145e-01	-2.69484e-01
6.90000e+00	3.39081e-01	-2.73938e-01
6.91000e+00	3.33967e-01	-2.78352e-01
6.92000e+00	3.28803e-01	-2.82725e-01
6.93000e+00	3.23591e-01	-2.87057e-01
6.94000e+00	3.18332e-01	-2.91346e-01
6.95000e+00	3.13025e-01	-2.95592e-01
6.96000e+00	3.07673e-01	-2.99795e-01
6.97000e+00	3.02275e-01	-3.03954e-01
6.98000e+00	2.96832e-01	-3.08068e-01
6.99000e+00	2.91346e-01	-3.12136e-01
7.00000e+00	2.85817e-01	-3.16158e-01
7.01000e+00	2.80245e-01	-3.20134e-01
7.02000e+00	2.74632e-01	-3.24062e-01
7.03000e+00	2.68979e-01	-3.27943e-01
7.04000e+00	2.63286e-01	-3.31775e-01
7.05000e+00	2.57554e-01	-3.35558e-01
7.06000e+00	2.51784e-01	-3.39292e-01
7.07000e+00	2.45976e-01	-3.42975e-01
7.08000e+00	2.40132e-01	-3.46607e-01
7.09000e+00	2.34253e-01	-3.50189e-01
7.10000e+00	2.28339e-01	-3.53718e-01
7.11000e+00	2.22391e-01	-3.57195e-01
7.12000e+00	2.16410e-01	-3.60619e-01
7.13000e+00	2.10397e-01	-3.63990e-01
7.14000e+00	2.04353e-01	-3.67306e-01
7.15000e+00	1.98278e-01	-3.70568e-01
7.16000e+00	1.92175e-01	-3.73776e-01
7.17000e+00	1.86042e-01	-3.76927e-01
7.18000e+00	1.79882e-01	-3.80023e-01
7.19000e+00	1.73695e-01	-3.83063e-01
7.20000e+00	1.67483e-01	-3.86045e-01
7.21000e+00	1.61246e-01	-3.88970e-01
7.22000e+00	1.54984e-01	-3.91838e-01
7.23000e+00	1.48700e-01	-3.94647e-01
7.24000e+00	1.42393e-01	-3.97397e-01
7.25000e+00	1.36065e-01	-4.00088e-01
7.26000e+00	1.29717e-01	-4.02720e-01
7.27000e+00	1.23350e-01	-4.05292e-01
7.28000e+00	1.16964e-01	-4.07803e-01
7.29000e+00	1.10561e-01	-4.10254e-01
7.30000e+00	1.04142e-01	-4.12643e-01
7.31000e+00	9.77065e-02	-4.14971e-01
7.32000e+00	9.12568e-02	-4.17237e-01
7.33000e+00	8.47935e-02	-4.19441e-01
7.34000e+00	7.83175e-02	-4.21583e-01
7.35000e+00	7.18299e-02	-4.23661e-01
7.36000e+00	6.53315e-02	-4.25676e-01
7.37000e+00	5.88233e-02	-4.27628e-01
7.38000e+00	5.23064e-02	-4.29516e-01
7.39000e+00	4.57816e-02	-4.31339e-01
7.40000e+00	3.92500e-02	-4.33098e-01
7.41000e+00	3.27125e-02	-4.34793e-01
7.42000e+00	2.61702e-02	-4.36422e-01
7.43000e+00	1.96239e-02	-4.37986e-01
7.44000e+00	1.30746e-02	-4.39485e-01
7.45000e+00	6.52344e-03	-4.40917e-01
7.46000e+00	-2.87375e-05	-4.42284e-01
7.47000e+00	-6.58091e-03	-4.43584e-01
7.48000e+00	-1.31321e-02	-4.44818e-01
7.49000e+00	-1.96813e-02	-4.45986e-01
7.50000e+00	-2.62276e-02	-4.47086e-01
7.51000e+00	-3.27700e-02	-4.48120e-01
7.52000e+00	-3.93074e-02	-4.49086e-01
7.53000e+00	-4.58390e-02	-4.49985e-01
7.54000e+00	-5.23636e-02	-4.50816e-01
7.55000e+00	-5.88804e-02	-4.51580e-01
7.56000e+00	-6.53884e-02	-4.52275e-01
7.57000e+00	-7.18866e-02	-4.52903e-01
7.58000e+00	-7.83739e-02	-4.53463e-01
7.59000e+00	-8.48495e-02	-4.53955e-01
7.60000e+00	-9.13123e-02	-4.54378e-01
7.61000e+00	-9.77614e-02	-4.54733e-01
7.62000e+00	-1.04196e-01	-4.55020e-01
7.63000e+00	-1.10615e-01	-4.55238e-01
7.64000e+00	-1.17017e-01	-4.55388e-01
7.65000e+00	-1.23401e-01	-4.55469e-01
7.66000e+00	-1.29767e-01	-4.55481e-01
7.67000e+00	-1.36113e-01	-4.55425e-01
7.68000e+00	-1.42439e-01	-4.55301e-01
7.69000e+00	-1.48743e-01	-4.55107e-01
7.70000e+00	-1.55025e-01	-4.54845e-01
7.71000e+00	-1.61284e-01	-4.54515e-01
7.72000e+00	-1.67518e-01	-4.54116e-01
7.73000e+00	-1.73727e-01	-4.53648e-01
7.74000e+00	-1.79910e-01	-4.53112e-01
7.75000e+00	-1.86065e-01	-4.52507e-01
7.76000e+00	-1.92193e-01	-4.51835e-01
7.77000e+00	-1.98291e-01	-4.51094e-01
7.78000e+00	-2.04360e-01	-4.50284e-01
7.79000e+00	-2.10397e-01	-4.49407e-01
7.80000e+00	-2.16403e-01	-4.48462e-01
7.81000e+00	-2.22376e-01	-4.47449e-01
7.82000e+00	-2.28316e-01	-4.46368e-01
7.83000e+00	-2.34221e-01	-4.45220e-01
7.84000e+00	-2.40090e-01	-4.44004e-01
7.85000e+00	-2.45923e-01	-4.42721e-01
7.86000e+00	-2.51719e-01	-4.41371e-01
7.87000e+00	-2.57477e-01	-4.39954e-01
7.88000e+00	-2.63196e-01	-4.38471e-01
7.89000e+00	-2.68875e-01	-4.36921e-01
7.90000e+00	-2.74513e-01	-4.35305e-01
7.91000e+00	-2.80109e-01	-4.33623e-01
7.92000e+00	-2.85663e-01	-4.31875e-01
7.93000e+00	-2.91174e-01	-4.30062e-01
7.94000e+00	-2.96640e-01	-4.28183e-01
7.95000e+00	-3.02062e-01	-4.26239e-01
7.96000e+00	-3.07438e-01	-4.24231e-01
7.97000e+00	-3.12767e-01	-4.22158e-01
7.98000e+00	-3.18048e-01	-4.20021e-01
7.99000e+00	-3.23281e-01	-4.17821e-01
8.00000e+00	-3.28465e-01	-4.15556e-01
8.01000e+00	-3.33599e-01	-4.13229e-01
8.02000e+00	-3.38682e-01	-4.10839e-01
8.03000e+00	-3.43714e-01	-4.08386e-01
8.04000e+00	-3.48694e-01	-4.05871e-01
8.05000e+00	-3.53620e-01	-4.03295e-01
8.06000e+00	-3.58493e-01	-4.00657e-01
8.07000e+00	-3.63311e-01	-3.97958e-01
8.08000e+00	-3.68074e-01	-3.95198e-01
8.09000e+00	-3.72781e-01	-3.92379e-01
8.10000e+00	-3.77431e-01	-3.89499e-01
8.11000e+00	-3.82023e-01	-3.86560e-01
8.12000e+00	-3.86557e-01	-3.83562e-01
8.13000e+00	-3.91032e-01	-3.80506e-01
8.14000e+00	-3.95448e-01	-3.77392e-01
8.15000e+00	-3.99803e-01	-3.74220e-01
8.16000e+00	-4.04097e-01	-3.70991e-01
8.17000e+00	-4.08330e-01	-3.67705e-01
8.18000e+00	-4.12500e-01	-3.64363e-01
8.19000e+00	-4.16608e-01	-3.60966e-01
8.20000e+00	-4.20651e-01	-3.57514e-01
8.21000e+00	-4.24631e-01	-3.54006e-01
8.22000e+00	-4.28545e-01	-3.50445e-01
8.23000e+00	-4.32394e-01	-3.46830e-01
8.24000e+00	-4.36177e-01	-3.43163e-01
8.25000e+00	-4.39893e-01	-3.39442e-01
8.26000e+00	-4.43542e-01	-3.35670e-01
8.27000e+00	-4.47123e-01	-3.31847e-01
8.28000e+00	-4.50636e-01	-3.27972e-01
8.29000e+00	-4.54080e-01	-3.24048e-01
8.30000e+00	-4.57454e-01	-3.20074e-01
8.31000e+00	-4.60758e-01	-3.16050e-01
8.32000e+00	-4.63992e-01	-3.11979e-01
8.33000e+00	-4.67154e-01	-3.07860e-01
8.34000e+00	-4.70245e-01	-3.03693e-01
8.35000e+00	-4.73264e-01	-2.99480e-01
8.36000e+00	-4.76210e-01	-2.95221e-01
8.37000e+00	-4.79084e-01	-2.90917e-01
8.38000e+00	-4.81883e-01	-2.86568e-01
8.39000e+00	-4.84609e-01	-2.82175e-01
8.40000e+00	-4.87261e-01	-2.77739e-01
8.41000e+00	-4.89837e-01	-2.73260e-01
8.42000e+00	-4.92339e-01	-2.68739e-01
8.43000e+00	-4.94765e-01	-2.64177e-01
8.44000e+00	-4.97115e-01	-2.59575e-01
8.45000e+00	-4.99388e-01	-2.54932e-01
8.46000e+00	-5.01585e-01	-2.50251e-01
8.47000e+00	-5.03705e-01	-2.45531e-01
8.48000e+00	-5.05747e-01	-2.40773e-01
8.49000e+00	-5.07712e-01	-2.35978e-01
8.50000e+00	-5.09598e-01	-2.31147e-01
8.51000e+00	-5.11406e-01	-2.26280e-01
8.52000e+00	-5.13136e-01	-2.21379e-01
8.53000e+00	-5.14786e-01	-2.16443e-01
8.54000e+00	-5.16357e-01	-2.11474e-01
8.55000e+00	-5.17849e-01	-2.06473e-01
8.56000e+00	-5.19261e-01	-2.01439e-01
8.57000e+00	-5.20593e-01	-1.96375e-01
8.58000e+00	-5.21844e-01	-1.91281e-01
8.59000e+00	-5.23016e-01	-1.86156e-01
8.60000e+00	-5.24106e-01	-1.81004e-01
8.61000e+00	-5.25116e-01	-1.75823e-01
8.62000e+00	-5.26045e-01	-1.70615e-01
8.63000e+00	-5.26893e-01	-1.65381e-01
8.64000e+00	-5.27659e-01	-1.60122e-01
8.65000e+00	-5.28344e-01	-1.54838e-01
8.66000e+00	-5.28948e-01	-1.49529e-01
8.67000e+00	-5.29470e-01	-1.44198e-01
8.68000e+00	-5.29910e-01	-1.38845e-01
8.69000e+00	-5.30268e-01	-1.33470e-01
8.70000e+00	-5.30545e-01	-1.28074e-01
8.71000e+00	-5.30739e-01	-1.22659e-01
8.72000e+00	-5.30852e-01	-1.17224e-01
8.73000e+00	-5.30882e-01	-1.11772e-01
8.74000e+00	-5.30830e-01	-1.06302e-01
8.75000e+00	-5.30696e-01	-1.00816e-01
8.76000e+00	-5.30481e-01	-9.53143e-02
8.77000e+00	-5.30183e-01	-8.97978e-02
8.78000e+00	-5.29803e-01	-8.42674e-02
8.79000e+00	-5.29341e-01	-7.87240e-02
8.80000e+00	-5.28797e-01	-7.31684e-02
8.81000e+00	-5.28171e-01	-6.76014e-02
8.82000e+00	-5.27464e-01	-6.20240e-02
8.83000e+00	-5.26674e-01	-5.64370e-02
8.84000e+00	-5.25803e-01	-5.08412e-02
8.85000e+00	-5.24851e-01	-4.52376e-02
8.86000e+00	-5.23817e-01	-3.96269e-02
8.87000e+00	-5.22703e-01	-3.40101e-02
8.88000e+00	-5.21507e-01	-2.83880e-02
8.89000e+00	-5.20230e-01	-2.27616e-02
8.90000e+00	-5.18872e-01	-1.71316e-02
8.91000e+00	-5.17434e-01	-1.14989e-02
8.92000e+00	-5.15916e-01	-5.86446e-03
8.93000e+00	-5.14318e-01	-2.29099e-04
8.94000e+00	-5.12640e-01	5.40630e-03
8.95000e+00	-5.10882e-01	1.10409e-02
8.96000e+00	-5.09045e-01	1.66737e-02
8.97000e+00	-5.07129e-01	2.23039e-02
8.98000e+00	-5.05134e-01	2.79307e-02
8.99000e+00	-5.03060e-01	3.35532e-02
9.00000e+00	-5.00909e-01	3.91704e-02
9.01000e+00	-4.98679e-01	4.47816e-02
9.02000e+00	-4.96372e-01	5.03857e-02
9.03000e+00	-4.93988e-01	5.59821e-02
9.04000e+00	-4.91527e-01	6.15697e-02
9.05000e+00	-4.88989e-01	6.71478e-02
9.06000e+00	-4.86376e-01	7.27154e-02
9.07000e+00	-4.83687e-01	7.82717e-02
9.08000e+00	-4.80922e-01	8.38158e-02
9.09000e+00	-4.78082e-01	8.93469e-02
9.10000e+00	-4.75169e-01	9.48640e-02
9.11000e+00	-4.72181e-01	1.00366e-01
9.12000e+00	-4.69119e-01	1.05853e-01
9.13000e+00	-4.65985e-01	1.11323e-01
9.14000e+00	-4.62777e-01	1.16776e-01
9.15000e+00	-4.59498e-01	1.22211e-01
9.16000e+00	-4.56147e-01	1.27627e-01
9.17000e+00	-4.52725e-01	1.33022e-01
9.18000e+00	-4.49232e-01	1.38397e-01
9.19000e+00	-4.45670e-01	1.43751e-01
9.20000e+00	-4.42037e-01	1.49082e-01
9.21000e+00	-4.38336e-01	1.54389e-01
9.22000e+00	-4.34566e-01	1.59673e-01
9.23000e+00	-4.30729e-01	1.64932e-01
9.24000e+00	-4.26824e-01	1.70165e-01
9.25000e+00	-4.22853e-01	1.75371e-01
9.26000e+00	-4.18815e-01	1.80550e-01
9.27000e+00	-4.14712e-01	1.85701e-01
9.28000e+00	-4.10544e-01	1.90823e-01
9.29000e+00	-4.06313e-01	1.95915e-01
9.30000e+00	-4.02017e-01	2.00976e-01
9.31000e+00	-3.97659e-01	2.06006e-01
9.32000e+00	-3.93239e-01	2.11003e-01
9.33000e+00	-3.88757e-01	2.15968e-01
9.34000e+00	-3.84214e-01	2.20899e-01
9.35000e+00	-3.79611e-01	2.25795e-01
9.36000e+00	-3.74949e-01	2.30656e-01
9.37000e+00	-3.70228e-01	2.35481e-01
9.38000e+00	-3.65449e-01	2.40269e-01
9.39000e+00	-3.60613e-01	2.45020e-01
9.40000e+00	-3.55720e-01	2.49732e-01
9.41000e+00	-3.50772e-01	2.54405e-01
9.42000e+00	-3.45769e-01	2.59038e-01
9.43000e+00	-3.40712e-01	2.63630e-01
9.44000e+00	-3.35601e-01	2.68182e-01
9.45000e+00	-3.30437e-01	2.72691e-01
9.46000e+00	-3.25222e-01	2.77157e-01
9.47000e+00	-3.19956e-01	2.81580e-01
9.48000e+00	-3.14640e-01	2.85959e-01
9.49000e+00	-3.09274e-01	2.90293e-01
9.50000e+00	-3.03860e-01	2.94581e-01
9.51000e+00	-2.98398e-01	2.98824e-01
9.52000e+00	-2.92889e-01	3.03019e-01
9.53000e+00	-2.87335e-01	3.07167e-01
9.54000e+00	-2.81735e-01	3.11266e-01
9.55000e+00	-2.76091e-01	3.15317e-01
9.56000e+00	-2.70403e-01	3.19318e-01
9.57000e+00	-2.64674e-01	3.23269e-01
9.58000e+00	-2.58902e-01	3.27169e-01
9.59000e+00	-2.53090e-01	3.31018e-01
9.60000e+00	-2.47238e-01	3.34815e-01
9.61000e+00	-2.41347e-01	3.38559e-01
9.62000e+00	-2.35419e-01	3.42250e-01
9.63000e+00	-2.29453e-01	3.45887e-01
9.64000e+00	-2.23451e-01	3.49470e-01
9.65000e+00	-2.17414e-01	3.52998e-01
9.66000e+00	-2.11343e-01	3.56470e-01
9.67000e+00	-2.05239e-01	3.59886e-01
9.68000e+00	-1.99102e-01	3.63246e-01
9.69000e+00	-1.92934e-01	3.66548e-01
9.70000e+00	-1.86736e-01	3.69793e-01
9.71000e+00	-1.80508e-01	3.72979e-01
9.72000e+00	-1.74252e-01	3.76107e-01
9.73000e+00	-1.67968e-01	3.79175e-01
9.74000e+00	-1.61658e-01	3.82184e-01
9.75000e+00	-1.55323e-01	3.85133e-01
9.76000e+00	-1.48963e-01	3.88021e-01
9.77000e+00	-1.42579e-01	3.90847e-01
9.78000e+00	-1.36173e-01	3.93612e-01
9.79000e+00	-1.29746e-01	3.96315e-01
9.80000e+00	-1.23298e-01	3.98956e-01
9.81000e+00	-1.16831e-01	4.01534e-01
9.82000e+00	-1.10345e-01	4.04048e-01
9.83000e+00	-1.03842e-01	4.06499e-01
9.84000e+00	-9.73220e-02	4.08885e-01
9.85000e+00	-9.07871e-02	4.11207e-01
9.86000e+00	-8.42379e-02	4.13464e-01
9.87000e+00	-7.76753e-02	4.15656e-01
9.88000e+00	-7.11005e-02	4.17782e-01
9.89000e+00	-6.45145e-02	4.19842e-01
9.90000e+00	-5.79183e-02	4.21836e-01
9.91000e+00	-5.13129e-02	4.23763e-01
9.92000e+00	-4.46994e-02	4.25624e-01
9.93000e+00	-3.80789e-02	4.27417e-01
9.94000e+00	-3.14523e-02	4.29142e-01
9.95000e+00	-2.48208e-02	4.30800e-01
9.96000e+00	-1.81854e-02	4.32389e-01
9.97000e+00	-1.15470e-02	4.33911e-01
9.98000e+00	-4.90689e-03	4.35363e-01
9.99000e+00	1.73404e-03	4.36747e-01
1.00000e+01	8.37469e-03	4.38062e-01
1.00100e+01	1.50140e-02	4.39307e-01
1.00200e+01	2.16510e-02	4.40483e-01
1.00300e+01	2.82845e-02	4.41589e-01
1.00400e+01	3.49135e-02	4.42625e-01
1.00500e+01	4.15371e-02	4.43592e-01
1.00600e+01	4.81540e-02	4.44487e-01
1.00700e+01	5.47633e-02	4.45313e-01
1.00800e+01	6.13640e-02	4.46068e-01
1.00900e+01	6.79549e-02	4.46752e-01
1.01000e+01	7.45351e-02	4.47366e-01
1.01100e+01	8.11034e-02	4.47909e-01
1.01200e+01	8.76589e-02	4.48381e-01
1.01300e+01	9.42005e-02	4.48781e-01
1.01400e+01	1.00727e-01	4.49111e-01
1.01500e+01	1.07238e-01	4.49369e-01
1.01600e+01	1.13732e-01	4.49556e-01
1.01700e+01	1.20207e-01	4.49672e-01
1.01800e+01	1.26664e-01	4.49716e-01
1.01900e+01	1.33100e-01	4.49690e-01
1.02000e+01	1.39516e-01	4.49591e-01
1.02100e+01	1.45909e-01	4.49422e-01
1.02200e+01	1.52279e-01	4.49181e-01
1.02300e+01	1.58625e-01	4.48869e-01
1.02400e+01	1.64946e-01	4.48485e-01
1.02500e+01	1.71240e-01	4.48030e-01
1.02600e+01	1.77508e-01	4.47505e-01
1.02700e+01	1.83747e-01	4.46908e-01
1.02800e+01	1.89957e-01	4.46240e-01
1.02900e+01	1.96137e-01	4.45501e-01
1.03000e+01	2.02285e-01	4.44691e-01
1.03100e+01	2.08402e-01	4.43811e-01
1.03200e+01	2.14485e-01	4.42860e-01
1.03300e+01	2.20534e-01	4.41839e-01
1.03400e+01	2.26548e-01	4.40748e-01
1.03500e+01	2.32527e-01	4.39586e-01
1.03600e+01	2.38468e-01	4.38355e-01
1.03700e+01	2.44371e-01	4.37053e-01
1.03800e+01	2.50235e-01	4.35683e-01
1.03900e+01	2.56060e-01	4.34243e-01
1.04000e+01	2.61844e-01	4.32733e-01
1.04100e+01	2.67586e-01	4.31155e-01
1.04200e+01	2.73285e-01	4.29509e-01
1.04300e+01	2.78941e-01	4.27794e-01
1.04400e+01	2.84553e-01	4.26011e-01
1.04500e+01	2.90119e-01	4.24160e-01
1.04600e+01	2.95639e-01	4.22241e-01
1.04700e+01	3.01112e-01	4.20255e-01
1.04800e+01	3.06537e-01	4.18202e-01
1.04900e+01	3.11914e-01	4.16083e-01
1.05000e+01	3.17240e-01	4.13897e-01
1.05100e+01	3.22516e-01	4.11646e-01
1.05200e+01	3.27740e-01	4.09328e-01
1.05300e+01	3.32913e-01	4.06946e-01
1.05400e+01	3.38032e-01	4.04498e-01
1.05500e+01	3.43097e-01	4.01986e-01
1.05600e+01	3.48108e-01	3.99410e-01
1.05700e+01	3.53063e-01	3.96771e-01
1.05800e+01	3.57961e-01	3.94068e-01
1.05900e+01	3.62803e-01	3.91302e-01
1.06000e+01	3.67587e-01	3.88473e-01
1.06100e+01	3.72312e-01	3.85583e-01
1.06200e+01	3.76977e-01	3.82631e-01
1.06300e+01	3.81582e-01	3.79618e-01
1.06400e+01	3.86127e-01	3.76544e-01
1.06500e+01	3.90610e-01	3.73410e-01
1.06600e+01	3.95030e-01	3.70217e-01
1.06700e+01	3.99387e-01	3.66964e-01
1.06800e+01	4.03681e-01	3.63653e-01
1.06900e+01	4.07910e-01	3.60284e-01
1.07000e+01	4.12074e-01	3.56857e-01
1.07100e+01	4.16172e-01	3.53373e-01
1.07200e+01	4.20203e-01	3.49833e-01
1.07300e+01	4.24167e-01	3.46236e-01
1.07400e+01	4.28064e-01	3.42585e-01
1.07500e+01	4.31892e-01	3.38878e-01
1.07600e+01	4.35651e-01	3.35118e-01
1.07700e+01	4.39340e-01	3.31303e-01
1.07800e+01	4.42959e-01	3.27436e-01
1.07900e+01	4.46507e-01	3.23516e-01
1.08000e+01	4.49983e-01	3.19545e-01
1.08100e+01	4.53388e-01	3.15522e-01
1.08200e+01	4.56720e-01	3.11449e-01
1.08300e+01	4.59979e-01	3.07326e-01
1.08400e+01	4.63164e-01	3.03154e-01
1.08500e+01	4.66275e-01	2.98934e-01
1.08600e+01	4.69312e-01	2.94665e-01
1.08700e+01	4.72273e-01	2.90349e-01
1.08800e+01	4.75159e-01	2.85987e-01
1.08900e+01	4.77968e-01	2.81579e-01
1.09000e+01	4.80701e-01	2.77126e-01
1.09100e+01	4.83357e-01	2.72628e-01
1.09200e+01	4.85935e-01	2.68087e-01
1.09300e+01	4.88436e-01	2.63503e-01
1.09400e+01	4.90858e-01	2.58876e-01
1.09500e+01	4.93202e-01	2.54208e-01
1.09600e+01	4.95466e-01	2.49500e-01
1.09700e+01	4.97651e-01	2.44751e-01
1.09800e+01	4.99756e-01	2.39963e-01
1.09900e+01	5.01781e-01	2.35136e-01
1.10000e+01	5.03725e-01	2.30272e-01
1.10100e+01	5.05589e-01	2.25371e-01
1.10200e+01	5.07372e-01	2.20433e-01
1.10300e+01	5.09073e-01	2.15461e-01
1.10400e+01	5.10692e-01	2.10453e-01
1.10500e+01	5.12229e-01	2.05412e-01
1.10600e+01	5.13685e-01	2.00338e-01
1.10700e+01	5.15057e-01	1.95232e-01
1.10800e+01	5.16347e-01	1.90094e-01
1.10900e+01	5.17554e-01	1.84926e-01
1.11000e+01	5.18678e-01	1.79728e-01
1.11100e+01	5.19718e-01	1.74501e-01
1.11200e+01	5.20675e-01	1.69247e-01
1.11300e+01	5.21549e-01	1.63965e-01
1.11400e+01	5.22338e-01	1.58656e-01
1.11500e+01	5.23044e-01	1.53322e-01
1.11600e+01	5.23665e-01	1.47964e-01
1.11700e+01	5.24203e-01	1.42582e-01
1.11800e+01	5.24656e-01	1.37176e-01
1.11900e+01	5.25024e-01	1.31749e-01
1.12000e+01	5.25308e-01	1.26301e-01
1.12100e+01	5.25508e-01	1.20832e-01
1.12200e+01	5.25623e-01	1.15344e-01
1.12300e+01	5.25654e-01	1.09837e-01
1.12400e+01	5.25600e-01	1.04313e-01
1.12500e+01	5.25461e-01	9.87713e-02
1.12600e+01	5.25238e-01	9.32142e-02
1.12700e+01	5.24930e-01	8.76420e-02
1.12800e+01	5.24538e-01	8.20558e-02
1.12900e+01	5.24061e-01	7.64563e-02
1.13000e+01	5.23500e-01	7.08446e-02
1.13100e+01	5.22854e-01	6.52214e-02
1.13200e+01	5.22125e-01	5.95877e-02
1.13300e+01	5.21311e-01	5.39444e-02
1.13400e+01	5.20413e-01	4.82924e-02
1.13500e+01	5.19431e-01	4.26327e-02
1.13600e+01	5.18366e-01	3.69661e-02
1.13700e+01	5.17217e-01	3.12935e-02
1.13800e+01	5.15985e-01	2.56158e-02
1.13900e+01	5.14670e-01	1.99341e-02
1.14000e+01	5.13271e-01	1.42491e-02
1.14100e+01	5.11790e-01	8.56184e-03
1.14200e+01	5.10226e-01	2.87319e-03
1.14300e+01	5.08580e-01	-2.81592e-03
1.14400e+01	5.06852e-01	-8.50458e-03
1.14500e+01	5.05042e-01	-1.41919e-02
1.14600e+01	5.03151e-01	-1.98769e-02
1.14700e+01	5.01179e-01	-2.55587e-02
1.14800e+01	4.99125e-01	-3.12363e-02
1.14900e+01	4.96991e-01	-3.69090e-02
1.15000e+01	4.94777e-01	-4.25756e-02
1.15100e+01	4.92483e-01	-4.82354e-02
1.15200e+01	4.90110e-01	-5.38874e-02
1.15300e+01	4.87657e-01	-5.95307e-02
1.15400e+01	4.85125e-01	-6.51644e-02
1.15500e+01	4.82516e-01	-7.07876e-02
1.15600e+01	4.79828e-01	-7.63993e-02
1.15700e+01	4.77063e-01	-8.19987e-02
1.15800e+01	4.74220e-01	-8.75848e-02
1.15900e+01	4.71301e-01	-9.31568e-02
1.16000e+01	4.68306e-01	-9.87138e-02
1.16100e+01	4.65236e-01	-1.04255e-01
1.16200e+01	4.62090e-01	-1.09779e-01
1.16300e+01	4.58869e-01	-1.15285e-01
1.16400e+01	4.55574e-01	-1.20773e-01
1.16500e+01	4.52205e-01	-1.26241e-01
1.16600e+01	4.48764e-01	-1.31689e-01
1.16700e+01	4.45249e-01	-1.37115e-01
1.16800e+01	4.41663e-01	-1.42520e-01
1.16900e+01	4.38005e-01	-1.47901e-01
1.17000e+01	4.34277e-01	-1.53258e-01
1.17100e+01	4.30478e-01	-1.58591e-01
1.17200e+01	4.26609e-01	-1.63898e-01
1.17300e+01	4.22672e-01	-1.69178e-01
1.17400e+01	4.18666e-01	-1.74431e-01
1.17500e+01	4.14592e-01	-1.79656e-01
1.17600e+01	4.10451e-01	-1.84852e-01
1.17700e+01	4.06244e-01	-1.90017e-01
1.17800e+01	4.01971e-01	-1.95152e-01
1.17900e+01	3.97632e-01	-2.00255e-01
1.18000e+01	3.93230e-01	-2.05326e-01
1.18100e+01	3.88764e-01	-2.10364e-01
1.18200e+01	3.84234e-01	-2.15368e-01
1.18300e+01	3.79643e-01	-2.20336e-01
1.18400e+01	3.74990e-01	-2.25269e-01
1.18500e+01	3.70276e-01	-2.30166e-01
1.18600e+01	3.65502e-01	-2.35025e-01
1.18700e+01	3.60669e-01	-2.39846e-01
1.18800e+01	3.55777e-01	-2.44628e-01
1.18900e+01	3.50828e-01	-2.49371e-01
1.19000e+01	3.45822e-01	-2.54073e-01
1.19100e+01	3.40760e-01	-2.58734e-01
1.19200e+01	3.35642e-01	-2.63352e-01
1.19300e+01	3.30470e-01	-2.67929e-01
1.19400e+01	3.25245e-01	-2.72461e-01
1.19500e+01	3.19966e-01	-2.76950e-01
1.19600e+01	3.14636e-01	-2.81394e-01
1.19700e+01	3.09255e-01	-2.85792e-01
1.19800e+01	3.03823e-01	-2.90143e-01
1.19900e+01	2.98343e-01	-2.94448e-01
1.20000e+01	2.92813e-01	-2.98704e-01
1.20100e+01	2.87237e-01	-3.02912e-01
1.20200e+01	2.81613e-01	-3.07071e-01
1.20300e+01	2.75944e-01	-3.11181e-01
1.20400e+01	2.70230e-01	-3.15239e-01
1.20500e+01	2.64473e-01	-3.19247e-01
1.20600e+01	2.58672e-01	-3.23202e-01
1.20700e+01	2.52829e-01	-3.27105e-01
1.20800e+01	2.46945e-01	-3.30955e-01
1.20900e+01	2.41021e-01	-3.34751e-01
1.21000e+01	2.35058e-01	-3.38493e-01
1.21100e+01	2.29057e-01	-3.42180e-01
1.21200e+01	2.23018e-01	-3.45811e-01
1.21300e+01	2.16944e-01	-3.49386e-01
1.21400e+01	2.10834e-01	-3.52904e-01
1.21500e+01	2.04689e-01	-3.56365e-01
1.21600e+01	1.98512e-01	-3.59768e-01
1.21700e+01	1.92302e-01	-3.63112e-01
1.21800e+01	1.86060e-01	-3.66397e-01
1.21900e+01	1.79789e-01	-3.69623e-01
1.22000e+01	1.73488e-01	-3.72788e-01
1.22100e+01	1.67160e-01	-3.75893e-01
1.22200e+01	1.60803e-01	-3.78937e-01
1.22300e+01	1.54421e-01	-3.81919e-01
1.22400e+01	1.48014e-01	-3.84839e-01
1.22500e+01	1.41582e-01	-3.87697e-01
1.22600e+01	1.35128e-01	-3.90491e-01
1.22700e+01	1.28651e-01	-3.93221e-01
1.22800e+01	1.22154e-01	-3.95888e-01
1.22900e+01	1.15636e-01	-3.98490e-01
1.23000e+01	1.09100e-01	-4.01028e-01
1.23100e+01	1.02546e-01	-4.03500e-01
1.23200e+01	9.59758e-02	-4.05906e-01
1.23300e+01	8.93895e-02	-4.08246e-01
1.23400e+01	8.27887e-02	-4.10520e-01
1.23500e+01	7.61744e-02	-4.12727e-01
1.23600e+01	6.95476e-02	-4.14866e-01
1.23700e+01	6.29096e-02	-4.16938e-01
1.23800e+01	5.62613e-02	-4.18942e-01
1.23900e+01	4.96038e-02	-4.20878e-01
1.24000e+01	4.29382e-02	-4.22745e-01
1.24100e+01	3.62657e-02	-4.24543e-01
1.24200e+01	2.95872e-02	-4.26272e-01
1.24300e+01	2.29039e-02	-4.27932e-01
1.24400e+01	1.62169e-02	-4.29522e-01
1.24500e+01	9.52719e-03	-4.31041e-01
1.24600e+01	2.83596e-03	-4.32491e-01
1.24700e+01	-3.85573e-03	-4.33870e-01
1.24800e+01	-1.05468e-02	-4.35178e-01
1.24900e+01	-1.72361e-02	-4.36415e-01
1.25000e+01	-2.39227e-02	-4.37581e-01
1.25100e+01	-3.06053e-02	-4.38675e-01
1.25200e+01	-3.72829e-02	-4.39698e-01
1.25300e+01	-4.39545e-02	-4.40650e-01
1.25400e+01	-5.06188e-02	-4.41529e-01
1.25500e+01	-5.72750e-02	-4.42336e-01
1.25600e+01	-6.39217e-02	-4.43071e-01
1.25700e+01	-7.05580e-02	-4.43734e-01
1.25800e+01	-7.71828e-02	-4.44324e-01
1.25900e+01	-8.37950e-02	-4.44842e-01
1.26000e+01	-9.03936e-02	-4.45287e-01
1.26100e+01	-9.69773e-02	-4.45659e-01
1.26200e+01	-1.03545e-01	-4.45958e-01
1.26300e+01	-1.10096e-01	-4.46185e-01
1.26400e+01	-1.16629e-01	-4.46339e-01
1.26500e+01	-1.23143e-01	-4.46420e-01
1.26600e+01	-1.29637e-01	-4.46427e-01
1.26700e+01	-1.36110e-01	-4.46362e-01
1.26800e+01	-1.42560e-01	-4.46224e-01
1.26900e+01	-1.48987e-01	-4.46013e-01
1.27000e+01	-1.55390e-01	-4.45730e-01
1.27100e+01	-1.61767e-01	-4.45373e-01
1.27200e+01	-1.68118e-01	-4.44943e-01
1.27300e+01	-1.74442e-01	-4.44441e-01
1.27400e+01	-1.80737e-01	-4.43866e-01
1.27500e+01	-1.87002e-01	-4.43219e-01
1.27600e+01	-1.93237e-01	-4.42499e-01
1.27700e+01	-1.99440e-01	-4.41706e-01
1.27800e+01	-2.05610e-01	-4.40841e-01
1.27900e+01	-2.11747e-01	-4.39905e-01
1.28000e+01	-2.17849e-01	-4.38896e-01
1.28100e+01	-2.23916e-01	-4.37815e-01
1.28200e+01	-2.29946e-01	-4.36663e-01
1.28300e+01	-2.35938e-01	-4.35439e-01
1.28400e+01	-2.41892e-01	-4.34144e-01
1.28500e+01	-2.47806e-01	-4.32778e-01
1.28600e+01	-2.53680e-01	-4.31342e-01
1.28700e+01	-2.59512e-01	-4.29834e-01
1.28800e+01	-2.65301e-01	-4.28256e-01
1.28900e+01	-2.71047e-01	-4.26608e-01
1.29000e+01	-2.76749e-01	-4.24890e-01
1.29100e+01	-2.82405e-01	-4.23103e-01
1.29200e+01	-2.88015e-01	-4.21246e-01
1.29300e+01	-2.93578e-01	-4.19320e-01
1.29400e+01	-2.99093e-01	-4.17326e-01
1.29500e+01	-3.04559e-01	-4.15263e-01
1.29600e+01	-3.09975e-01	-4.13132e-01
1.29700e+01	-3.15340e-01	-4.10934e-01
1.29800e+01	-3.20653e-01	-4.08668e-01
1.29900e+01	-3.25914e-01	-4.06335e-01
1.30000e+01	-3.31122e-01	-4.03935e-01
1.30100e+01	-3.36275e-01	-4.01470e-01
1.30200e+01	-3.41373e-01	-3.98938e-01
1.30300e+01	-3.46415e-01	-3.96341e-01
1.30400e+01	-3.51400e-01	-3.93679e-01
1.30500e+01	-3.56328e-01	-3.90953e-01
1.30600e+01	-3.61197e-01	-3.88162e-01
1.30700e+01	-3.66007e-01	-3.85308e-01
1.30800e+01	-3.70757e-01	-3.82391e-01
1.30900e+01	-3.75446e-01	-3.79410e-01
1.31000e+01	-3.80074e-01	-3.76368e-01
1.31100e+01	-3.84639e-01	-3.73264e-01
1.31200e+01	-3.89141e-01	-3.70098e-01
1.31300e+01	-3.93579e-01	-3.66872e-01
1.31400e+01	-3.97953e-01	-3.63586e-01
1.31500e+01	-4.02261e-01	-3.60240e-01
1.31600e+01	-4.06504e-01	-3.56835e-01
1.31700e+01	-4.10679e-01	-3.53371e-01
1.31800e+01	-4.14787e-01	-3.49849e-01
1.31900e+01	-4.18827e-01	-3.46270e-01
1.32000e+01	-4.22798e-01	-3.42634e-01
1.32100e+01	-4.26700e-01	-3.38942e-01
1.32200e+01	-4.30532e-01	-3.35194e-01
1.32300e+01	-4.34293e-01	-3.31391e-01
1.32400e+01	-4.37983e-01	-3.27533e-01
1.32500e+01	-4.41601e-01	-3.23622e-01
1.32600e+01	-4.45146e-01	-3.19657e-01
1.32700e+01	-4.48618e-01	-3.15640e-01
1.32800e+01	-4.52016e-01	-3.11572e-01
1.32900e+01	-4.55340e-01	-3.07452e-01
1.33000e+01	-4.58589e-01	-3.03281e-01
1.33100e+01	-4.61763e-01	-2.99061e-01
1.33200e+01	-4.64861e-01	-2.94791e-01
1.33300e+01	-4.67883e-01	-2.90473e-01
1.33400e+01	-4.70827e-01	-2.86107e-01
1.33500e+01	-4.73695e-01	-2.81694e-01
1.33600e+01	-4.76484e-01	-2.77235e-01
1.33700e+01	-4.79195e-01	-2.72731e-01
1.33800e+01	-4.81827e-01	-2.68181e-01
1.33900e+01	-4.84380e-01	-2.63587e-01
1.34000e+01	-4.86853e-01	-2.58950e-01
1.34100e+01	-4.89246e-01	-2.54271e-01
1.34200e+01	-4.91559e-01	-2.49549e-01
1.34300e+01	-4.93791e-01	-2.44787e-01
1.34400e+01	-4.95941e-01	-2.39984e-01
1.34500e+01	-4.98010e-01	-2.35142e-01
1.34600e+01	-4.99997e-01	-2.30261e-01
1.34700e+01	-5.01902e-01	-2.25342e-01
1.34800e+01	-5.03724e-01	-2.20386e-01
1.34900e+01	-5.05463e-01	-2.15393e-01
1.35000e+01	-5.07119e-01	-2.10366e-01
1.35100e+01	-5.08692e-01	-2.05303e-01
1.35200e+01	-5.10181e-01	-2.00207e-01
1.35300e+01	-5.11585e-01	-1.95078e-01
1.35400e+01	-5.12906e-01	-1.89917e-01
1.35500e+01	-5.14142e-01	-1.84724e-01
1.35600e+01	-5.15293e-01	-1.79501e-01
1.35700e+01	-5.16360e-01	-1.74249e-01
1.35800e+01	-5.17341e-01	-1.68968e-01
1.35900e+01	-5.18237e-01	-1.63659e-01
1.36000e+01	-5.19048e-01	-1.58323e-01
1.36100e+01	-5.19773e-01	-1.52961e-01
1.36200e+01	-5.20413e-01	-1.47573e-01
1.36300e+01	-5.20967e-01	-1.42162e-01
1.36400e+01	-5.21435e-01	-1.36727e-01
1.36500e+01	-5.21817e-01	-1.31269e-01
1.36600e+01	-5.22113e-01	-1.25790e-01
1.36700e+01	-5.22323e-01	-1.20290e-01
1.36800e+01	-5.22446e-01	-1.14770e-01
1.36900e+01	-5.22484e-01	-1.09232e-01
1.37000e+01	-5.22436e-01	-1.03675e-01
1.37100e+01	-5.22301e-01	-9.81010e-02
1.37200e+01	-5.22080e-01	-9.25110e-02
1.37300e+01	-5.21774e-01	-8.69058e-02
1.37400e+01	-5.21381e-01	-8.12862e-02
1.37500e+01	-5.20902e-01	-7.56532e-02
1.37600e+01	-5.20337e-01	-7.00077e-02
1.37700e+01	-5.19686e-01	-6.43507e-02
1.37800e+01	-5.18950e-01	-5.86831e-02
1.37900e+01	-5.18128e-01	-5.30058e-02
1.38000e+01	-5.17220e-01	-4.73197e-02
1.38100e+01	-5.16228e-01	-4.16258e-02
1.38200e+01	-5.15149e-01	-3.59251e-02
1.38300e+01	-5.13986e-01	-3.02184e-02
1.38400e+01	-5.12738e-01	-2.45067e-02
1.38500e+01	-5.11406e-01	-1.87910e-02
1.38600e+01	-5.09989e-01	-1.30722e-02
1.38700e+01	-5.08487e-01	-7.35126e-03
1.38800e+01	-5.06902e-01	-1.62908e-03
1.38900e+01	-5.05233e-01	4.09338e-03
1.39000e+01	-5.03481e-01	9.81515e-03
1.39100e+01	-5.01645e-01	1.55353e-02
1.39200e+01	-4.99727e-01	2.12529e-02
1.39300e+01	-4.97726e-01	2.69670e-02
1.39400e+01	-4.95643e-01	3.26766e-02
1.39500e+01	-4.93478e-01	3.83808e-02
1.39600e+01	-4.91231e-01	4.40787e-02
1.39700e+01	-4.88904e-01	4.97693e-02
1.39800e+01	-4.86495e-01	5.54517e-02
1.39900e+01	-4.84006e-01	6.11249e-02
1.40000e+01	-4.81437e-01	6.67880e-02
1.40100e+01	-4.78789e-01	7.24401e-02
1.40200e+01	-4.76061e-01	7.80802e-02
1.40300e+01	-4.73255e-01	8.37073e-02
1.40400e+01	-4.70370e-01	8.93207e-02
1.40500e+01	-4.67408e-01	9.49193e-02
1.40600e+01	-4.64368e-01	1.00502e-01
1.40700e+01	-4.61252e-01	1.06068e-01
1.40800e+01	-4.58059e-01	1.11617e-01
1.40900e+01	-4.54790e-01	1.17147e-01
1.41000e+01	-4.51447e-01	1.22658e-01
1.41100e+01	-4.48028e-01	1.28149e-01
1.41200e+01	-4.44536e-01	1.33618e-01
1.41300e+01	-4.40970e-01	1.39066e-01
1.41400e+01	-4.37331e-01	1.44490e-01
1.41500e+01	-4.33620e-01	1.49890e-01
1.41600e+01	-4.29836e-01	1.55266e-01
1.41700e+01	-4.25982e-01	1.60616e-01
1.41800e+01	-4.22057e-01	1.65939e-01
1.41900e+01	-4.18063e-01	1.71235e-01
1.42000e+01	-4.13999e-01	1.76502e-01
1.42100e+01	-4.09867e-01	1.81741e-01
1.42200e+01	-4.05667e-01	1.86949e-01
1.42300e+01	-4.01399e-01	1.92126e-01
1.42400e+01	-3.97065e-01	1.97271e-01
1.42500e+01	-3.92666e-01	2.02384e-01
1.42600e+01	-3.88201e-01	2.07463e-01
1.42700e+01	-3.83672e-01	2.12508e-01
1.42800e+01	-3.79080e-01	2.17518e-01
1.42900e+01	-3.74425e-01	2.22492e-01
1.43000e+01	-3.69707e-01	2.27428e-01
1.43100e+01	-3.64929e-01	2.32328e-01
1.43200e+01	-3.60090e-01	2.37188e-01
1.43300e+01	-3.55191e-01	2.42009e-01
1.43400e+01	-3.50234e-01	2.46791e-01
1.43500e+01	-3.45218e-01	2.51531e-01
1.43600e+01	-3.40146e-01	2.56230e-01
1.43700e+01	-3.35017e-01	2.60886e-01
1.43800e+01	-3.29832e-01	2.65499e-01
1.43900e+01	-3.24593e-01	2.70068e-01
1.44000e+01	-3.19300e-01	2.74592e-01
1.44100e+01	-3.13954e-01	2.79071e-01
1.44200e+01	-3.08556e-01	2.83503e-01
1.44300e+01	-3.03106e-01	2.87888e-01
1.44400e+01	-2.97607e-01	2.92226e-01
1.44500e+01	-2.92058e-01	2.96515e-01
1.44600e+01	-2.86461e-01	3.00755e-01
1.44700e+01	-2.80816e-01	3.04945e-01
1.44800e+01	-2.75125e-01	3.09085e-01
1.44900e+01	-2.69388e-01	3.13173e-01
1.45000e+01	-2.63606e-01	3.17209e-01
1.45100e+01	-2.57781e-01	3.21193e-01
1.45200e+01	-2.51912e-01	3.25124e-01
1.45300e+01	-2.46002e-01	3.29000e-01
1.45400e+01	-2.40052e-01	3.32822e-01
1.45500e+01	-2.34061e-01	3.36588e-01
1.45600e+01	-2.28031e-01	3.40299e-01
1.45700e+01	-2.21964e-01	3.43954e-01
1.45800e+01	-2.15860e-01	3.47551e-01
1.45900e+01	-2.09720e-01	3.51090e-01
1.46000e+01	-2.03545e-01	3.54572e-01
1.46100e+01	-1.97337e-01	3.57994e-01
1.46200e+01	-1.91095e-01	3.61357e-01
1.46300e+01	-1.84822e-01	3.64660e-01
1.46400e+01	-1.78518e-01	3.67902e-01
1.46500e+01	-1.72185e-01	3.71083e-01
1.46600e+01	-1.65823e-01	3.74203e-01
1.46700e+01	-1.59433e-01	3.77261e-01
1.46800e+01	-1.53017e-01	3.80255e-01
1.46900e+01	-1.46576e-01	3.83187e-01
1.47000e+01	-1.40110e-01	3.86055e-01
1.47100e+01	-1.33621e-01	3.88859e-01
1.47200e+01	-1.27109e-01	3.91598e-01
1.47300e+01	-1.20577e-01	3.94273e-01
1.47400e+01	-1.14025e-01	3.96881e-01
1.47500e+01	-1.07453e-01	3.99424e-01
1.47600e+01	-1.00864e-01	4.01900e-01
1.47700e+01	-9.42579e-02	4.04310e-01
1.47800e+01	-8.76362e-02	4.06652e-01
1.47900e+01	-8.09999e-02	4.08927e-01
1.48000e+01	-7.43502e-02	4.11134e-01
1.48100e+01	-6.76881e-02	4.13272e-01
1.48200e+01	-6.10148e-02	4.15342e-01
1.48300e+01	-5.43313e-02	4.17343e-01
1.48400e+01	-4.76387e-02	4.19274e-01
1.48500e+01	-4.09383e-02	4.21136e-01
1.48600e+01	-3.42311e-02	4.22927e-01
1.48700e+01	-2.75181e-02	4.24648e-01
1.48800e+01	-2.08006e-02	4.26299e-01
1.48900e+01	-1.40796e-02	4.27879e-01
1.49000e+01	-7.35629e-03	4.29387e-01
1.49100e+01	-6.31739e-04	4.30824e-01
1.49200e+01	6.09291e-03	4.32189e-01
1.49300e+01	1.28166e-02	4.33483e-01
1.49400e+01	1.95381e-02	4.34704e-01
1.49500e+01	2.62563e-02	4.35853e-01
1.49600e+01	3.29702e-02	4.36930e-01
1.49700e+01	3.96786e-02	4.37933e-01
1.49800e+01	4.63804e-02	4.38864e-01
1.49900e+01	5.30745e-02	4.39722e-01
1.50000e+01	5.97597e-02	4.40507e-01
1.50100e+01	6.64350e-02	4.41218e-01
1.50200e+01	7.30992e-02	4.41856e-01
1.50300e+01	7.97513e-02	4.42420e-01
1.50400e+01	8.63901e-02	4.42911e-01
1.50500e+01	9.30145e-02	4.43327e-01
1.50600e+01	9.96234e-02	4.43670e-01
1.50700e+01	1.06216e-01	4.43940e-01
1.50800e+01	1.12790e-01	4.44135e-01
1.50900e+01	1.19346e-01	4.44256e-01
1.51000e+01	1.25882e-01	4.44303e-01
1.51100e+01	1.32397e-01	4.44276e-01
1.51200e+01	1.38890e-01	4.44176e-01
1.51300e+01	1.45360e-01	4.44001e-01
1.51400e+01	1.51805e-01	4.43752e-01
1.51500e+01	1.58226e-01	4.43429e-01
1.51600e+01	1.64620e-01	4.43033e-01
1.51700e+01	1.70986e-01	4.42562e-01
1.51800e+01	1.77324e-01	4.42018e-01
1.51900e+01	1.83633e-01	4.41400e-01
1.52000e+01	1.89910e-01	4.40709e-01
1.52100e+01	1.96157e-01	4.39944e-01
1.52200e+01	2.02370e-01	4.39106e-01
1.52300e+01	2.08550e-01	4.38194e-01
1.52400e+01	2.14695e-01	4.37210e-01
1.52500e+01	2.20804e-01	4.36152e-01
1.52600e+01	2.26876e-01	4.35022e-01
1.52700e+01	2.32911e-01	4.33820e-01
1.52800e+01	2.38906e-01	4.32545e-01
1.52900e+01	2.44862e-01	4.31197e-01
1.53000e+01	2.50777e-01	4.29778e-01
1.53100e+01	2.56650e-01	4.28288e-01
1.53200e+01	2.62481e-01	4.26726e-01
1.53300e+01	2.68267e-01	4.25092e-01
1.53400e+01	2.74009e-01	4.23388e-01
1.53500e+01	2.79705e-01	4.21613e-01
1.53600e+01	2.85355e-01	4.19768e-01
1.53700e+01	2.90957e-01	4.17852e-01
1.53800e+01	2.96510e-01	4.15867e-01
1.53900e+01	3.02014e-01	4.13813e-01
1.54000e+01	3.07467e-01	4.11689e-01
1.54100e+01	3.12869e-01	4.09497e-01
1.54200e+01	3.18219e-01	4.07237e-01
1.54300e+01	3.23516e-01	4.04908e-01
1.54400e+01	3.28758e-01	4.02512e-01
1.54500e+01	3.33946e-01	4.00049e-01
1.54600e+01	3.39078e-01	3.97519e-01
1.54700e+01	3.44154e-01	3.94922e-01
1.54800e+01	3.49172e-01	3.92260e-01
1.54900e+01	3.54132e-01	3.89532e-01
1.55000e+01	3.59032e-01	3.86739e-01
1.55100e+01	3.63873e-01	3.83881e-01
1.55200e+01	3.68653e-01	3.80960e-01
1.55300e+01	3.73371e-01	3.77974e-01
1.55400e+01	3.78027e-01	3.74926e-01
1.55500e+01	3.82619e-01	3.71815e-01
1.55600e+01	3.87148e-01	3.68642e-01
1.55700e+01	3.91612e-01	3.65407e-01
1.55800e+01	3.96011e-01	3.62111e-01
1.55900e+01	4.00344e-01	3.58755e-01
1.56000e+01	4.04609e-01	3.55339e-01
1.56100e+01	4.08807e-01	3.51863e-01
1.56200e+01	4.12937e-01	3.48329e-01
1.56300e+01	4.16998e-01	3.44736e-01
1.56400e+01	4.20989e-01	3.41086e-01
1.56500e+01	4.24910e-01	3.37378e-01
1.56600e+01	4.28759e-01	3.33615e-01
1.56700e+01	4.32537e-01	3.29795e-01
1.56800e+01	4.36243e-01	3.25921e-01
1.56900e+01	4.39876e-01	3.21992e-01
1.57000e+01	4.43435e-01	3.18009e-01
1.57100e+01	4.46920e-01	3.13973e-01
1.57200e+01	4.50330e-01	3.09884e-01
1.57300e+01	4.53665e-01	3.05744e-01
1.57400e+01	4.56924e-01	3.01552e-01
1.57500e+01	4.60107e-01	2.97310e-01
1.57600e+01	4.63213e-01	2.93019e-01
1.57700e+01	4.66241e-01	2.88678e-01
1.57800e+01	4.69191e-01	2.84289e-01
1.57900e+01	4.72063e-01	2.79852e-01
1.58000e+01	4.74856e-01	2.75369e-01
1.58100e+01	4.77569e-01	2.70840e-01
1.58200e+01	4.80202e-01	2.66265e-01
1.58300e+01	4.82756e-01	2.61646e-01
1.58400e+01	4.85228e-01	2.56982e-01
1.58500e+01	4.87619e-01	2.52276e-01
1.58600e+01	4.89929e-01	2.47528e-01
1.58700e+01	4.92156e-01	2.42738e-01
1.58800e+01	4.94301e-01	2.37908e-01
1.58900e+01	4.96364e-01	2.33038e-01
1.59000e+01	4.98343e-01	2.28128e-01
1.59100e+01	5.00239e-01	2.23181e-01
1.59200e+01	5.02051e-01	2.18196e-01
1.59300e+01	5.03779e-01	2.13175e-01
1.59400e+01	5.05423e-01	2.08118e-01
1.59500e+01	5.06982e-01	2.03026e-01
1.59600e+01	5.08456e-01	1.97900e-01
1.59700e+01	5.09845e-01	1.92741e-01
1.59800e+01	5.11149e-01	1.87550e-01
1.59900e+01	5.12367e-01	1.82328e-01
1.60000e+01	5.13499e-01	1.77074e-01
1.60100e+01	5.14545e-01	1.71791e-01
1.60200e+01	5.15505e-01	1.66480e-01
1.60300e+01	5.16379e-01	1.61140e-01
1.60400e+01	5.17166e-01	1.55774e-01
1.60500e+01	5.17867e-01	1.50381e-01
1.60600e+01	5.18480e-01	1.44963e-01
1.60700e+01	5.19007e-01	1.39521e-01
1.60800e+01	5.19447e-01	1.34056e-01
1.60900e+01	5.19800e-01	1.28568e-01
1.61000e+01	5.20066e-01	1.23058e-01
1.61100e+01	5.20244e-01	1.17528e-01
1.61200e+01	5.20336e-01	1.11978e-01
1.61300e+01	5.20340e-01	1.06410e-01
1.61400e+01	5.20257e-01	1.00823e-01
1.61500e+01	5.20086e-01	9.52200e-02
1.61600e+01	5.19829e-01	8.96007e-02
1.61700e+01	5.19484e-01	8.39664e-02
1.61800e+01	5.19053e-01	7.83180e-02
1.61900e+01	5.18534e-01	7.26564e-02
1.62000e+01	5.17928e-01	6.69827e-02
1.62100e+01	5.17236e-01	6.12978e-02
1.62200e+01	5.16456e-01	5.56026e-02
1.62300e+01	5.15590e-01	4.98980e-02
1.62400e+01	5.14638e-01	4.41851e-02
1.62500e+01	5.13599e-01	3.84648e-02
1.62600e+01	5.12474e-01	3.27380e-02
1.62700e+01	5.11264e-01	2.70057e-02
1.62800e+01	5.09967e-01	2.12689e-02
1.62900e+01	5.08585e-01	1.55285e-02
1.63000e+01	5.07117e-01	9.78554e-03
1.63100e+01	5.05565e-01	4.04092e-03
1.63200e+01	5.03927e-01	-1.70437e-03
1.63300e+01	5.02205e-01	-7.44939e-03
1.63400e+01	5.00399e-01	-1.31931e-02
1.63500e+01	4.98509e-01	-1.89347e-02
1.63600e+01	4.96535e-01	-2.46731e-02
1.63700e+01	4.94478e-01	-3.04073e-02
1.63800e+01	4.92337e-01	-3.61364e-02
1.63900e+01	4.90115e-01	-4.18595e-02
1.64000e+01	4.87809e-01	-4.75755e-02
1.64100e+01	4.85422e-01	-5.32836e-02
1.64200e+01	4.82954e-01	-5.89826e-02
1.64300e+01	4.80404e-01	-6.46718e-02
1.64400e+01	4.77774e-01	-7.03502e-02
1.64500e+01	4.75063e-01	-7.60167e-02
1.64600e+01	4.72273e-01	-8.16705e-02
1.64700e+01	4.69403e-01	-8.73105e-02
1.64800e+01	4.66455e-01	-9.29359e-02
1.64900e+01	4.63428e-01	-9.85457e-02
1.65000e+01	4.60323e-01	-1.04139e-01
1.65100e+01	4.57141e-01	-1.09715e-01
1.65200e+01	4.53883e-01	-1.15272e-01
1.65300e+01	4.50548e-01	-1.20810e-01
1.65400e+01	4.47137e-01	-1.26327e-01
1.65500e+01	4.43651e-01	-1.31824e-01
1.65600e+01	4.40091e-01	-1.37298e-01
1.65700e+01	4.36456e-01	-1.42749e-01
1.65800e+01	4.32749e-01	-1.48177e-01
1.65900e+01	4.28968e-01	-1.53579e-01
1.66000e+01	4.25116e-01	-1.58955e-01
1.66100e+01	4.21192e-01	-1.64305e-01
1.66200e+01	4.17197e-01	-1.69627e-01
1.66300e+01	4.13133e-01	-1.74921e-01
1.66400e+01	4.08998e-01	-1.80185e-01
1.66500e+01	4.04795e-01	-1.85419e-01
1.66600e+01	4.00524e-01	-1.90622e-01
1.66700e+01	3.96186e-01	-1.95793e-01
1.66800e+01	3.91781e-01	-2.00930e-01
1.66900e+01	3.87310e-01	-2.06035e-01
1.67000e+01	3.82774e-01	-2.11104e-01
1.67100e+01	3.78174e-01	-2.16138e-01
1.67200e+01	3.73510e-01	-2.21135e-01
1.67300e+01	3.68783e-01	-2.26096e-01
1.67400e+01	3.63994e-01	-2.31018e-01
1.67500e+01	3.59144e-01	-2.35902e-01
1.67600e+01	3.54234e-01	-2.40745e-01
1.67700e+01	3.49264e-01	-2.45549e-01
1.67800e+01	3.44235e-01	-2.50311e-01
1.67900e+01	3.39148e-01	-2.55031e-01
1.68000e+01	3.34004e-01	-2.59708e-01
1.68100e+01	3.28804e-01	-2.64341e-01
1.68200e+01	3.23549e-01	-2.68930e-01
1.68300e+01	3.18240e-01	-2.73473e-01
1.68400e+01	3.12876e-01	-2.77971e-01
1.68500e+01	3.07460e-01	-2.82422e-01
1.68600e+01	3.01993e-01	-2.86825e-01
1.68700e+01	2.96474e-01	-2.91180e-01
1.68800e+01	2.90906e-01	-2.95486e-01
1.68900e+01	2.85289e-01	-2.99742e-01
1.69000e+01	2.79623e-01	-3.03948e-01
1.69100e+01	2.73911e-01	-3.08103e-01
1.69200e+01	2.68152e-01	-3.12205e-01
1.69300e+01	2.62349e-01	-3.16256e-01
1.69400e+01	2.56501e-01	-3.20253e-01
1.69500e+01	2.50610e-01	-3.24196e-01
1.69600e+01	2.44677e-01	-3.28084e-01
1.69700e+01	2.38702e-01	-3.31917e-01
1.69800e+01	2.32688e-01	-3.35695e-01
1.69900e+01	2.26634e-01	-3.39415e-01
1.70000e+01	2.20542e-01	-3.43079e-01
1.70100e+01	2.14413e-01	-3.46685e-01
1.70200e+01	2.08248e-01	-3.50232e-01
1.70300e+01	2.02048e-01	-3.53721e-01
1.70400e+01	1.95813e-01	-3.57150e-01
1.70500e+01	1.89546e-01	-3.60518e-01
1.70600e+01	1.83247e-01	-3.63826e-01
1.70700e+01	1.76917e-01	-3.67073e-01
1.70800e+01	1.70557e-01	-3.70258e-01
1.70900e+01	1.64168e-01	-3.73380e-01
1.71000e+01	1.57752e-01	-3.76440e-01
1.71100e+01	1.51309e-01	-3.79436e-01
1.71200e+01	1.44841e-01	-3.82368e-01
1.71300e+01	1.38348e-01	-3.85236e-01
1.71400e+01	1.31832e-01	-3.88039e-01
1.71500e+01	1.25293e-01	-3.90776e-01
1.71600e+01	1.18734e-01	-3.93448e-01
1.71700e+01	1.12155e-01	-3.96053e-01
1.71800e+01	1.05556e-01	-3.98592e-01
1.71900e+01	9.89400e-02	-4.01063e-01
1.72000e+01	9.23072e-02	-4.03467e-01
1.72100e+01	8.56588e-02	-4.05803e-01
1.72200e+01	7.89960e-02	-4.08070e-01
1.72300e+01	7.23198e-02	-4.10268e-01
1.72400e+01	6.56315e-02	-4.12398e-01
1.72500e+01	5.89321e-02	-4.14457e-01
1.72600e+01	5.22228e-02	-4.16447e-01
1.72700e+01	4.55046e-02	-4.18367e-01
1.72800e+01	3.87788e-02	-4.20216e-01
1.72900e+01	3.20464e-02	-4.21994e-01
1.73000e+01	2.53087e-02	-4.23701e-01
1.73100e+01	1.85666e-02	-4.25337e-01
1.73200e+01	1.18215e-02	-4.26901e-01
1.73300e+01	5.07431e-03	-4.28392e-01
1.73400e+01	-1.67371e-03	-4.29812e-01
1.73500e+01	-8.42144e-03	-4.31159e-01
1.73600e+01	-1.51678e-02	-4.32433e-01
1.73700e+01	-2.19115e-02	-4.33635e-01
1.73800e+01	-2.86516e-02	-4.34763e-01
1.73900e+01	-3.53868e-02	-4.35818e-01
1.74000e+01	-4.21160e-02	-4.36799e-01
1.74100e+01	-4.88382e-02	-4.37707e-01
1.74200e+01	-5.55521e-02	-4.38540e-01
1.74300e+01	-6.22566e-02	-4.39300e-01
1.74400e+01	-6.89506e-02	-4.39986e-01
1.74500e+01	-7.56330e-02	-4.40597e-01
1.74600e+01	-8.23026e-02	-4.41134e-01
1.74700e+01	-8.89584e-02	-4.41596e-01
1.74800e+01	-9.55991e-02	-4.41984e-01
1.74900e+01	-1.02224e-01	-4.42297e-01
1.75000e+01	-1.08831e-01	-4.42536e-01
1.75100e+01	-1.15420e-01	-4.42700e-01
1.75200e+01	-1.21989e-01	-4.42789e-01
1.75300e+01	-1.28538e-01	-4.42804e-01
1.75400e+01	-1.35065e-01	-4.42743e-01
1.75500e+01	-1.41570e-01	-4.42608e-01
1.75600e+01	-1.48050e-01	-4.42398e-01
1.75700e+01	-1.54506e-01	-4.42114e-01
1.75800e+01	-1.60935e-01	-4.41754e-01
1.75900e+01	-1.67337e-01	-4.41320e-01
1.76000e+01	-1.73711e-01	-4.40812e-01
1.76100e+01	-1.80055e-01	-4.40229e-01
1.76200e+01	-1.86370e-01	-4.39572e-01
1.76300e+01	-1.92652e-01	-4.38841e-01
1.76400e+01	-1.98902e-01	-4.38035e-01
1.76500e+01	-2.05119e-01	-4.37155e-01
1.76600e+01	-2.11301e-01	-4.36202e-01
1.76700e+01	-2.17447e-01	-4.35175e-01
1.76800e+01	-2.23556e-01	-4.34074e-01
1.76900e+01	-2.29628e-01	-4.32900e-01
1.77000e+01	-2.35661e-01	-4.31653e-01
1.77100e+01	-2.41654e-01	-4.30332e-01
1.77200e+01	-2.47606e-01	-4.28940e-01
1.77300e+01	-2.53516e-01	-4.27474e-01
1.77400e+01	-2.59384e-01	-4.25937e-01
1.77500e+01	-2.65207e-01	-4.24327e-01
1.77600e+01	-2.70986e-01	-4.22646e-01
1.77700e+01	-2.76719e-01	-4.20893e-01
1.77800e+01	-2.82405e-01	-4.19069e-01
1.77900e+01	-2.88044e-01	-4.17174e-01
1.78000e+01	-2.93633e-01	-4.15209e-01
1.78100e+01	-2.99174e-01	-4.13173e-01
1.78200e+01	-3.04663e-01	-4.11068e-01
1.78300e+01	-3.10101e-01	-4.08893e-01
1.78400e+01	-3.15487e-01	-4.06649e-01
1.78500e+01	-3.20819e-01	-4.04336e-01
1.78600e+01	-3.26097e-01	-4.01955e-01
1.78700e+01	-3.31320e-01	-3.99506e-01
1.78800e+01	-3.36487e-01	-3.96989e-01
1.78900e+01	-3.41596e-01	-3.94405e-01
1.79000e+01	-3.46649e-01	-3.91755e-01
1.79100e+01	-3.51642e-01	-3.89038e-01
1.79200e+01	-3.56576e-01	-3.86255e-01
1.79300e+01	-3.61450e-01	-3.83407e-01
1.79400e+01	-3.66262e-01	-3.80494e-01
1.79500e+01	-3.71013e-01	-3.77517e-01
1.79600e+01	-3.75701e-01	-3.74476e-01
1.79700e+01	-3.80325e-01	-3.71372e-01
1.79800e+01	-3.84885e-01	-3.68204e-01
1.79900e+01	-3.89379e-01	-3.64975e-01
1.80000e+01	-3.93808e-01	-3.61684e-01
1.80100e+01	-3.98170e-01	-3.58331e-01
1.80200e+01	-4.02465e-01	-3.54918e-01
1.80300e+01	-4.06692e-01	-3.51445e-01
1.80400e+01	-4.10850e-01	-3.47912e-01
1.80500e+01	-4.14938e-01	-3.44320e-01
1.80600e+01	-4.18956e-01	-3.40670e-01
1.80700e+01	-4.22904e-01	-3.36963e-01
1.80800e+01	-4.26779e-01	-3.33198e-01
1.80900e+01	-4.30583e-01	-3.29377e-01
1.81000e+01	-4.34313e-01	-3.25500e-01
1.81100e+01	-4.37970e-01	-3.21568e-01
1.81200e+01	-4.41553e-01	-3.17582e-01
1.81300e+01	-4.45061e-01	-3.13542e-01
1.81400e+01	-4.48493e-01	-3.09449e-01
1.81500e+01	-4.51850e-01	-3.05303e-01
1.81600e+01	-4.55130e-01	-3.01106e-01
1.81700e+01	-4.58333e-01	-2.96858e-01
1.81800e+01	-4.61459e-01	-2.92559e-01
1.81900e+01	-4.64506e-01	-2.88211e-01
1.82000e+01	-4.67475e-01	-2.83814e-01
1.82100e+01	-4.70364e-01	-2.79369e-01
1.82200e+01	-4.73174e-01	-2.74877e-01
1.82300e+01	-4.75904e-01	-2.70338e-01
1.82400e+01	-4.78553e-01	-2.65753e-01
1.82500e+01	-4.81121e-01	-2.61123e-01
1.82600e+01	-4.83607e-01	-2.56450e-01
1.82700e+01	-4.86012e-01	-2.51732e-01
1.82800e+01	-4.88334e-01	-2.46972e-01
1.82900e+01	-4.90574e-01	-2.42170e-01
1.83000e+01	-4.92730e-01	-2.37327e-01
1.83100e+01	-4.94803e-01	-2.32444e-01
1.83200e+01	-4.96792e-01	-2.27522e-01
1.83300e+01	-4.98697e-01	-2.22561e-01
1.83400e+01	-5.00517e-01	-2.17562e-01
1.83500e+01	-5.02252e-01	-2.12526e-01
1.83600e+01	-5.03903e-01	-2.07454e-01
1.83700e+01	-5.05468e-01	-2.02348e-01
1.83800e+01	-5.06947e-01	-1.97206e-01
1.83900e+01	-5.08340e-01	-1.92032e-01
1.84000e+01	-5.09647e-01	-1.86825e-01
1.84100e+01	-5.10868e-01	-1.81586e-01
1.84200e+01	-5.12002e-01	-1.76316e-01
1.84300e+01	-5.13049e-01	-1.71017e-01
1.84400e+01	-5.14010e-01	-1.65688e-01
1.84500e+01	-5.14883e-01	-1.60332e-01
1.84600e+01	-5.15669e-01	-1.54948e-01
1.84700e+01	-5.16367e-01	-1.49538e-01
1.84800e+01	-5.16978e-01	-1.44103e-01
1.84900e+01	-5.17501e-01	-1.38643e-01
1.85000e+01	-5.17937e-01	-1.33160e-01
1.85100e+01	-5.18284e-01	-1.27654e-01
1.85200e+01	-5.18544e-01	-1.22126e-01
1.85300e+01	-5.18716e-01	-1.16578e-01
1.85400e+01	-5.18800e-01	-1.11010e-01
1.85500e+01	-5.18795e-01	-1.05423e-01
1.85600e+01	-5.18703e-01	-9.98181e-02
1.85700e+01	-5.18523e-01	-9.41964e-02
1.85800e+01	-5.18255e-01	-8.85587e-02
1.85900e+01	-5.17898e-01	-8.29060e-02
1.86000e+01	-5.17454e-01	-7.72392e-02
1.86100e+01	-5.16923e-01	-7.15594e-02
1.86200e+01	-5.16303e-01	-6.58673e-02
1.86300e+01	-5.15596e-01	-6.01642e-02
1.86400e+01	-5.14801e-01	-5.44507e-02
1.86500e+01	-5.13919e-01	-4.87281e-02
1.86600e+01	-5.12950e-01	-4.29972e-02
1.86700e+01	-5.11894e-01	-3.72590e-02
1.86800e+01	-5.10751e-01	-3.15144e-02
1.86900e+01	-5.09521e-01	-2.57646e-02
1.87000e+01	-5.08205e-01	-2.00103e-02
1.87100e+01	-5.06802e-01	-1.42526e-02
1.87200e+01	-5.05314e-01	-8.49257e-03
1.87300e+01	-5.03739e-01	-2.73105e-03
1.87400e+01	-5.02079e-01	3.03093e-03
1.87500e+01	-5.00334e-01	8.79239e-03
1.87600e+01	-4.98504e-01	1.45524e-02
1.87700e+01	-4.96590e-01	2.03099e-02
1.87800e+01	-4.94591e-01	2.60639e-02
1.87900e+01	-4.92508e-01	3.18135e-02
1.88000e+01	-4.90341e-01	3.75578e-02
1.88100e+01	-4.88091e-01	4.32956e-02
1.88200e+01	-4.85758e-01	4.90261e-02
1.88300e+01	-4.83343e-01	5.47483e-02
1.88400e+01	-4.80846e-01	6.04611e-02
1.88500e+01	-4.78267e-01	6.61637e-02
1.88600e+01	-4.75606e-01	7.18551e-02
1.88700e+01	-4.72865e-01	7.75343e-02
1.88800e+01	-4.70044e-01	8.32003e-02
1.88900e+01	-4.67143e-01	8.88521e-02
1.89000e+01	-4.64162e-01	9.44889e-02
1.89100e+01	-4.61103e-01	1.00110e-01
1.89200e+01	-4.57965e-01	1.05713e-01
1.89300e+01	-4.54749e-01	1.11299e-01
1.89400e+01	-4.51457e-01	1.16866e-01
1.89500e+01	-4.48087e-01	1.22413e-01
1.89600e+01	-4.44641e-01	1.27939e-01
1.89700e+01	-4.41120e-01	1.33443e-01
1.89800e+01	-4.37524e-01	1.38925e-01
1.89900e+01	-4.33853e-01	1.44383e-01
1.90000e+01	-4.30109e-01	1.49817e-01
1.90100e+01	-4.26292e-01	1.55225e-01
1.90200e+01	-4.22402e-01	1.60607e-01
1.90300e+01	-4.18440e-01	1.65961e-01
1.90400e+01	-4.14408e-01	1.71288e-01
1.90500e+01	-4.10304e-01	1.76585e-01
1.90600e+01	-4.06132e-01	1.81852e-01
1.90700e+01	-4.01890e-01	1.87088e-01
1.90800e+01	-3.97579e-01	1.92293e-01
1.90900e+01	-3.93201e-01	1.97464e-01
1.91000e+01	-3.88757e-01	2.02602e-01
1.91100e+01	-3.84246e-01	2.07706e-01
1.91200e+01	-3.79670e-01	2.12775e-01
1.91300e+01	-3.75029e-01	2.17807e-01
1.91400e+01	-3.70325e-01	2.22802e-01
1.91500e+01	-3.65557e-01	2.27759e-01
1.91600e+01	-3.60728e-01	2.32678e-01
1.91700e+01	-3.55837e-01	2.37557e-01
1.91800e+01	-3.50885e-01	2.42395e-01
1.91900e+01	-3.45874e-01	2.47193e-01
1.92000e+01	-3.40804e-01	2.51948e-01
1.92100e+01	-3.35676e-01	2.56661e-01
1.92200e+01	-3.30491e-01	2.61329e-01
1.92300e+01	-3.25250e-01	2.65954e-01
1.92400e+01	-3.19953e-01	2.70533e-01
1.92500e+01	-3.14602e-01	2.75066e-01
1.92600e+01	-3.09198e-01	2.79552e-01
1.92700e+01	-3.03741e-01	2.83991e-01
1.92800e+01	-2.98232e-01	2.88381e-01
1.92900e+01	-2.92672e-01	2.92723e-01
1.93000e+01	-2.87063e-01	2.97014e-01
1.93100e+01	-2.81405e-01	3.01255e-01
1.93200e+01	-2.75699e-01	3.05445e-01
1.93300e+01	-2.69946e-01	3.09583e-01
1.93400e+01	-2.64147e-01	3.13668e-01
1.93500e+01	-2.58303e-01	3.17700e-01
1.93600e+01	-2.52415e-01	3.21677e-01
1.93700e+01	-2.46484e-01	3.25600e-01
1.93800e+01	-2.40511e-01	3.29468e-01
1.93900e+01	-2.34498e-01	3.33279e-01
1.94000e+01	-2.28444e-01	3.37034e-01
1.94100e+01	-2.22352e-01	3.40731e-01
1.94200e+01	-2.16221e-01	3.44370e-01
1.94300e+01	-2.10054e-01	3.47951e-01
1.94400e+01	-2.03851e-01	3.51473e-01
1.94500e+01	-1.97614e-01	3.54934e-01
1.94600e+01	-1.91342e-01	3.58335e-01
1.94700e+01	-1.85039e-01	3.61675e-01
1.94800e+01	-1.78703e-01	3.64954e-01
1.94900e+01	-1.72337e-01	3.68171e-01
1.95000e+01	-1.65942e-01	3.71324e-01
1.95100e+01	-1.59519e-01	3.74415e-01
1.95200e+01	-1.53068e-01	3.77442e-01
1.95300e+01	-1.46592e-01	3.80404e-01
1.95400e+01	-1.40090e-01	3.83302e-01
1.95500e+01	-1.33565e-01	3.86134e-01
1.95600e+01	-1.27017e-01	3.88901e-01
1.95700e+01	-1.20447e-01	3.91601e-01
1.95800e+01	-1.13857e-01	3.94235e-01
1.95900e+01	-1.07247e-01	3.96802e-01
1.96000e+01	-1.00619e-01	3.99301e-01
1.96100e+01	-9.39737e-02	4.01731e-01
1.96200e+01	-8.73126e-02	4.04094e-01
1.96300e+01	-8.06366e-02	4.06388e-01
1.96400e+01	-7.39468e-02	4.08612e-01
1.96500e+01	-6.72445e-02	4.10767e-01
1.96600e+01	-6.05307e-02	4.12852e-01
1.96700e+01	-5.38065e-02	4.14866e-01
1.96800e+01	-4.70733e-02	4.16810e-01
1.96900e+01	-4.03319e-02	4.18683e-01
1.97000e+01	-3.35838e-02	4.20484e-01
1.97100e+01	-2.68299e-02	4.22214e-01
1.97200e+01	-2.00714e-02	4.23872e-01
1.97300e+01	-1.33095e-02	4.25457e-01
1.97400e+01	-6.54532e-03	4.26970e-01
1.97500e+01	2.19957e-04	4.28411e-01
1.97600e+01	6.98520e-03	4.29778e-01
1.97700e+01	1.37493e-02	4.31072e-01
1.97800e+01	2.05110e-02	4.32292e-01
1.97900e+01	2.72692e-02	4.33439e-01
1.98000e+01	3.40227e-02	4.34512e-01
1.98100e+01	4.07705e-02	4.35511e-01
1.98200e+01	4.75113e-02	4.36436e-01
1.98300e+01	5.42440e-02	4.37286e-01
1.98400e+01	6.09675e-02	4.38062e-01
1.98500e+01	6.76806e-02	4.38763e-01
1.98600e+01	7.43821e-02	4.39389e-01
1.98700e+01	8.10709e-02	4.39940e-01
1.98800e+01	8.77460e-02	4.40416e-01
1.98900e+01	9.44060e-02	4.40817e-01
1.99000e+01	1.01050e-01	4.41143e-01
1.99100e+01	1.07677e-01	4.41394e-01
1.99200e+01	1.14285e-01	4.41569e-01
1.99300e+01	1.20874e-01	4.41669e-01
1.99400e+01	1.27442e-01	4.41694e-01
1.99500e+01	1.33989e-01	4.41644e-01
1.99600e+01	1.40512e-01	4.41518e-01
1.99700e+01	1.47012e-01	4.41317e-01
1.99800e+01	1.53487e-01	4.41040e-01
1.99900e+01	1.59935e-01	4.40688e-01
2.00000e+01	1.66356e-01	4.40261e-01
2.00100e+01	1.72749e-01	4.39759e-01
2.00200e+01	1.79112e-01	4.39182e-01
2.00300e+01	1.85445e-01	4.38530e-01
2.00400e+01	1.91746e-01	4.37804e-01
2.00500e+01	1.98015e-01	4.37002e-01
2.00600e+01	2.04249e-01	4.36126e-01
2.00700e+01	2.10449e-01	4.35176e-01
2.00800e+01	2.16613e-01	4.34151e-01
2.00900e+01	2.22740e-01	4.33052e-01
2.01000e+01	2.28828e-01	4.31879e-01
2.01100e+01	2.34878e-01	4.30633e-01
2.01200e+01	2.40888e-01	4.29313e-01
2.01300e+01	2.46856e-01	4.27920e-01
2.01400e+01	2.52783e-01	4.26453e-01
2.01500e+01	2.58666e-01	4.24914e-01
2.01600e+01	2.64505e-01	4.23303e-01
2.01700e+01	2.70299e-01	4.21619e-01
2.01800e+01	2.76047e-01	4.19863e-01
2.01900e+01	2.81748e-01	4.18036e-01
2.02000e+01	2.87401e-01	4.16137e-01
2.02100e+01	2.93004e-01	4.14167e-01
2.02200e+01	2.98558e-01	4.12126e-01
2.02300e+01	3.04060e-01	4.10015e-01
2.02400e+01	3.09511e-01	4.07834e-01
2.02500e+01	3.14909e-01	4.05584e-01
2.02600e+01	3.20253e-01	4.03264e-01
2.02700e+01	3.25542e-01	4.00875e-01
2.02800e+01	3.30776e-01	3.98418e-01
2.02900e+01	3.35953e-01	3.95893e-01
2.03000e+01	3.41073e-01	3.93300e-01
2.03100e+01	3.46135e-01	3.90640e-01
2.03200e+01	3.51137e-01	3.87913e-01
2.03300e+01	3.56080e-01	3.85120e-01
2.03400e+01	3.60961e-01	3.82261e-01
2.03500e+01	3.65781e-01	3.79337e-01
2.03600e+01	3.70539e-01	3.76348e-01
2.03700e+01	3.75233e-01	3.73295e-01
2.03800e+01	3.79864e-01	3.70178e-01
2.03900e+01	3.84429e-01	3.66998e-01
2.04000e+01	3.88928e-01	3.63755e-01
2.04100e+01	3.93362e-01	3.60450e-01
2.04200e+01	3.97728e-01	3.57084e-01
2.04300e+01	4.02026e-01	3.53656e-01
2.04400e+01	4.06255e-01	3.50168e-01
2.04500e+01	4.10415e-01	3.46620e-01
2.04600e+01	4.14505e-01	3.43013e-01
2.04700e+01	4.18524e-01	3.39347e-01
2.04800e+01	4.22471e-01	3.35624e-01
2.04900e+01	4.26346e-01	3.31842e-01
2.05000e+01	4.30149e-01	3.28005e-01
2.05100e+01	4.33877e-01	3.24111e-01
2.05200e+01	4.37532e-01	3.20162e-01
2.05300e+01	4.41112e-01	3.16158e-01
2.05400e+01	4.44616e-01	3.12100e-01
2.05500e+01	4.48045e-01	3.07988e-01
2.05600e+01	4.51397e-01	3.03824e-01
2.05700e+01	4.54672e-01	2.99609e-01
2.05800e+01	4.57869e-01	2.95341e-01
2.05900e+01	4.60987e-01	2.91024e-01
2.06000e+01	4.64027e-01	2.86656e-01
2.06100e+01	4.66988e-01	2.82240e-01
2.06200e+01	4.69869e-01	2.77775e-01
2.06300e+01	4.72669e-01	2.73263e-01
2.06400e+01	4.75389e-01	2.68704e-01
2.06500e+01	4.78027e-01	2.64100e-01
2.06600e+01	4.80584e-01	2.59450e-01
2.06700e+01	4.83058e-01	2.54755e-01
2.06800e+01	4.85450e-01	2.50018e-01
2.06900e+01	4.87759e-01	2.45237e-01
2.07000e+01	4.89984e-01	2.40414e-01
2.07100e+01	4.92126e-01	2.35551e-01
2.07200e+01	4.94183e-01	2.30647e-01
2.07300e+01	4.96156e-01	2.25703e-01
2.07400e+01	4.98044e-01	2.20721e-01
2.07500e+01	4.99847e-01	2.15701e-01
2.07600e+01	5.01564e-01	2.10645e-01
2.07700e+01	5.03196e-01	2.05552e-01
2.07800e+01	5.04741e-01	2.00424e-01
2.07900e+01	5.06201e-01	1.95262e-01
2.08000e+01	5.07573e-01	1.90066e-01
2.08100e+01	5.08859e-01	1.84838e-01
2.08200e+01	5.10057e-01	1.79579e-01
2.08300e+01	5.11169e-01	1.74288e-01
2.08400e+01	5.12193e-01	1.68968e-01
2.08500e+01	5.13129e-01	1.63619e-01
2.08600e+01	5.13977e-01	1.58242e-01
2.08700e+01	5.14738e-01	1.52837e-01
2.08800e+01	5.15410e-01	1.47407e-01
2.08900e+01	5.15995e-01	1.41951e-01
2.09000e+01	5.16491e-01	1.36471e-01
2.09100e+01	5.16898e-01	1.30968e-01
2.09200e+01	5.17217e-01	1.25442e-01
2.09300e+01	5.17448e-01	1.19895e-01
2.09400e+01	5.17590e-01	1.14328e-01
2.09500e+01	5.17643e-01	1.08740e-01
2.09600e+01	5.17608e-01	1.03135e-01
2.09700e+01	5.17484e-01	9.75111e-02
2.09800e+01	5.17272e-01	9.18709e-02
2.09900e+01	5.16971e-01	8.62149e-02
2.10000e+01	5.16581e-01	8.05443e-02
2.10100e+01	5.16103e-01	7.48598e-02
2.10200e+01	5.15537e-01	6.91625e-02
2.10300e+01	5.14883e-01	6.34534e-02
2.10400e+01	5.14140e-01	5.77334e-02
2.10500e+01	5.13309e-01	5.20035e-02
2.10600e+01	5.12391e-01	4.62647e-02
2.10700e+01	5.11385e-01	4.05180e-02
2.10800e+01	5.10291e-01	3.47644e-02
2.10900e+01	5.09109e-01	2.90048e-02
2.11000e+01	5.07841e-01	2.32402e-02
2.11100e+01	5.06486e-01	1.74717e-02
2.11200e+01	5.05044e-01	1.17002e-02
2.11300e+01	5.03515e-01	5.92663e-03
2.11400e+01	5.01900e-01	1.52080e-04
2.11500e+01	5.00199e-01	-5.62250e-03
2.11600e+01	4.98413e-01	-1.13961e-02
2.11700e+01	4.96541e-01	-1.71678e-02
2.11800e+01	4.94584e-01	-2.29365e-02
2.11900e+01	4.92542e-01	-2.87013e-02
2.12000e+01	4.90416e-01	-3.44612e-02
2.12100e+01	4.88206e-01	-4.02151e-02
2.12200e+01	4.85913e-01	-4.59622e-02
2.12300e+01	4.83536e-01	-5.17014e-02
2.12400e+01	4.81076e-01	-5.74318e-02
2.12500e+01	4.78534e-01	-6.31523e-02
2.12600e+01	4.75910e-01	-6.88620e-02
2.12700e+01	4.73204e-01	-7.45599e-02
2.12800e+01	4.70417e-01	-8.02450e-02
2.12900e+01	4.67550e-01	-8.59164e-02
2.13000e+01	4.64602e-01	-9.15730e-02
2.13100e+01	4.61575e-01	-9.72139e-02
2.13200e+01	4.58469e-01	-1.02838e-01
2.13300e+01	4.55284e-01	-1.08445e-01
2.13400e+01	4.52021e-01	-1.14033e-01
2.13500e+01	4.48681e-01	-1.19602e-01
2.13600e+01	4.45264e-01	-1.25150e-01
2.13700e+01	4.41771e-01	-1.30676e-01
2.13800e+01	4.38201e-01	-1.36180e-01
2.13900e+01	4.34557e-01	-1.41661e-01
2.14000e+01	4.30838e-01	-1.47118e-01
2.14100e+01	4.27046e-01	-1.52549e-01
2.14200e+01	4.23180e-01	-1.57954e-01
2.14300e+01	4.19241e-01	-1.63332e-01
2.14400e+01	4.15231e-01	-1.68683e-01
2.14500e+01	4.11150e-01	-1.74004e-01
2.14600e+01	4.06998e-01	-1.79295e-01
2.14700e+01	4.02776e-01	-1.84556e-01
2.14800e+01	3.98485e-01	-1.89785e-01
2.14900e+01	3.94126e-01	-1.94981e-01
2.15000e+01	3.89699e-01	-2.00144e-01
2.15100e+01	3.85206e-01	-2.05273e-01
2.15200e+01	3.80646e-01	-2.10367e-01
2.15300e+01	3.76021e-01	-2.15424e-01
2.15400e+01	3.71332e-01	-2.20444e-01
2.15500e+01	3.66579e-01	-2.25427e-01
2.15600e+01	3.61763e-01	-2.30371e-01
2.15700e+01	3.56885e-01	-2.35276e-01
2.15800e+01	3.51946e-01	-2.40140e-01
2.15900e+01	3.46947e-01	-2.44963e-01
2.16000e+01	3.41888e-01	-2.49744e-01
2.16100e+01	3.36770e-01	-2.54482e-01
2.16200e+01	3.31595e-01	-2.59176e-01
2.16300e+01	3.26363e-01	-2.63826e-01
2.16400e+01	3.21074e-01	-2.68431e-01
2.16500e+01	3.15731e-01	-2.72990e-01
2.16600e+01	3.10334e-01	-2.77502e-01
2.16700e+01	3.04883e-01	-2.81966e-01
2.16800e+01	2.99380e-01	-2.86382e-01
2.16900e+01	2.93825e-01	-2.90749e-01
2.17000e+01	2.88221e-01	-2.95066e-01
2.17100e+01	2.82566e-01	-2.99332e-01
2.17200e+01	2.76864e-01	-3.03547e-01
2.17300e+01	2.71113e-01	-3.07710e-01
2.17400e+01	2.65317e-01	-3.11820e-01
2.17500e+01	2.59474e-01	-3.15876e-01
2.17600e+01	2.53587e-01	-3.19878e-01
2.17700e+01	2.47657e-01	-3.23826e-01
2.17800e+01	2.41684e-01	-3.27718e-01
2.17900e+01	2.35670e-01	-3.31553e-01
2.18000e+01	2.29615e-01	-3.35332e-01
2.18100e+01	2.23521e-01	-3.39053e-01
2.18200e+01	2.17389e-01	-3.42716e-01
2.18300e+01	2.11219e-01	-3.46320e-01
2.18400e+01	2.05013e-01	-3.49865e-01
2.18500e+01	1.98771e-01	-3.53349e-01
2.18600e+01	1.92496e-01	-3.56773e-01
2.18700e+01	1.86187e-01	-3.60136e-01
2.18800e+01	1.79847e-01	-3.63437e-01
2.18900e+01	1.73476e-01	-3.66676e-01
2.19000e+01	1.67075e-01	-3.69851e-01
2.19100e+01	1.60645e-01	-3.72963e-01
2.19200e+01	1.54188e-01	-3.76011e-01
2.19300e+01	1.47704e-01	-3.78995e-01
2.19400e+01	1.41195e-01	-3.81913e-01
2.19500e+01	1.34661e-01	-3.84766e-01
2.19600e+01	1.28105e-01	-3.87553e-01
2.19700e+01	1.21526e-01	-3.90273e-01
2.19800e+01	1.14927e-01	-3.92926e-01
2.19900e+01	1.08308e-01	-3.95512e-01
2.20000e+01	1.01670e-01	-3.98030e-01
2.20100e+01	9.50147e-02	-4.00479e-01
2.20200e+01	8.83432e-02	-4.02860e-01
2.20300e+01	8.16565e-02	-4.05171e-01
2.20400e+01	7.49558e-02	-4.07413e-01
2.20500e+01	6.82422e-02	-4.09585e-01
2.20600e+01	6.15169e-02	-4.11687e-01
2.20700e+01	5.47810e-02	-4.13718e-01
2.20800e+01	4.80358e-02	-4.15678e-01
2.20900e+01	4.12822e-02	-4.17566e-01
2.21000e+01	3.45216e-02	-4.19383e-01
2.21100e+01	2.77551e-02	-4.21127e-01
2.21200e+01	2.09837e-02	-4.22800e-01
2.21300e+01	1.42088e-02	-4.24399e-01
2.21400e+01	7.43146e-03	-4.25926e-01
2.21500e+01	6.52824e-04	-4.27380e-01
2.21600e+01	-6.12593e-03	-4.28760e-01
2.21700e+01	-1.29036e-02	-4.30066e-01
2.21800e+01	-1.96791e-02	-4.31299e-01
2.21900e+01	-2.64512e-02	-4.32457e-01
2.22000e+01	-3.32188e-02	-4.33542e-01
2.22100e+01	-3.99806e-02	-4.34551e-01
2.22200e+01	-4.67356e-02	-4.35486e-01
2.22300e+01	-5.34825e-02	-4.36346e-01
2.22400e+01	-6.02203e-02	-4.37132e-01
2.22500e+01	-6.69477e-02	-4.37842e-01
2.22600e+01	-7.36636e-02	-4.38477e-01
2.22700e+01	-8.03668e-02	-4.39036e-01
2.22800e+01	-8.70563e-02	-4.39520e-01
2.22900e+01	-9.37307e-02	-4.39928e-01
2.23000e+01	-1.00389e-01	-4.40261e-01
2.23100e+01	-1.07030e-01	-4.40519e-01
2.23200e+01	-1.13653e-01	-4.40700e-01
2.23300e+01	-1.20256e-01	-4.40806e-01
2.23400e+01	-1.26839e-01	-4.40836e-01
2.23500e+01	-1.33399e-01	-4.40790e-01
2.23600e+01	-1.39937e-01	-4.40668e-01
2.23700e+01	-1.46451e-01	-4.40471e-01
2.23800e+01	-1.52939e-01	-4.40198e-01
2.23900e+01	-1.59401e-01	-4.39849e-01
2.24000e+01	-1.65836e-01	-4.39424e-01
2.24100e+01	-1.72243e-01	-4.38925e-01
2.24200e+01	-1.78619e-01	-4.38349e-01
2.24300e+01	-1.84965e-01	-4.37698e-01
2.24400e+01	-1.91279e-01	-4.36972e-01
2.24500e+01	-1.97561e-01	-4.36171e-01
2.24600e+01	-2.03808e-01	-4.35295e-01
2.24700e+01	-2.10020e-01	-4.34344e-01
2.24800e+01	-2.16196e-01	-4.33318e-01
2.24900e+01	-2.22335e-01	-4.32218e-01
2.25000e+01	-2.28436e-01	-4.31043e-01
2.25100e+01	-2.34498e-01	-4.29794e-01
2.25200e+01	-2.40519e-01	-4.28472e-01
2.25300e+01	-2.46499e-01	-4.27076e-01
2.25400e+01	-2.52436e-01	-4.25606e-01
2.25500e+01	-2.58330e-01	-4.24063e-01
2.25600e+01	-2.64179e-01	-4.22447e-01
2.25700e+01	-2.69983e-01	-4.20758e-01
2.25800e+01	-2.75741e-01	-4.18997e-01
2.25900e+01	-2.81451e-01	-4.17164e-01
2.26000e+01	-2.87113e-01	-4.15259e-01
2.26100e+01	-2.92725e-01	-4.13283e-01
2.26200e+01	-2.98287e-01	-4.11236e-01
2.26300e+01	-3.03798e-01	-4.09118e-01
2.26400e+01	-3.09256e-01	-4.06929e-01
2.26500e+01	-3.14662e-01	-4.04671e-01
2.26600e+01	-3.20013e-01	-4.02342e-01
2.26700e+01	-3.25309e-01	-3.99945e-01
2.26800e+01	-3.30549e-01	-3.97479e-01
2.26900e+01	-3.35732e-01	-3.94944e-01
2.27000e+01	-3.40857e-01	-3.92342e-01
2.27100e+01	-3.45924e-01	-3.89672e-01
2.27200e+01	-3.50931e-01	-3.86935e-01
2.27300e+01	-3.55878e-01	-3.84131e-01
2.27400e+01	-3.60764e-01	-3.81261e-01
2.27500e+01	-3.65587e-01	-3.78326e-01
2.27600e+01	-3.70348e-01	-3.75325e-01
2.27700e+01	-3.75045e-01	-3.72260e-01
2.27800e+01	-3.79677e-01	-3.69131e-01
2.27900e+01	-3.84244e-01	-3.65938e-01
2.28000e+01	-3.88745e-01	-3.62683e-01
2.28100e+01	-3.93179e-01	-3.59365e-01
2.28200e+01	-3.97545e-01	-3.55985e-01
2.28300e+01	-4.01843e-01	-3.52543e-01
2.28400e+01	-4.06071e-01	-3.49041e-01
2.28500e+01	-4.10230e-01	-3.45479e-01
2.28600e+01	-4.14318e-01	-3.41858e-01
2.28700e+01	-4.18335e-01	-3.38177e-01
2.28800e+01	-4.22280e-01	-3.34439e-01
2.28900e+01	-4.26152e-01	-3.30643e-01
2.29000e+01	-4.29950e-01	-3.26790e-01
2.29100e+01	-4.33675e-01	-3.22880e-01
2.29200e+01	-4.37325e-01	-3.18915e-01
2.29300e+01	-4.40900e-01	-3.14895e-01
2.29400e+01	-4.44398e-01	-3.10821e-01
2.29500e+01	-4.47821e-01	-3.06694e-01
2.29600e+01	-4.51166e-01	-3.02513e-01
2.29700e+01	-4.54433e-01	-2.98281e-01
2.29800e+01	-4.57622e-01	-2.93997e-01
2.29900e+01	-4.60733e-01	-2.89663e-01
2.30000e+01	-4.63764e-01	-2.85278e-01
2.30100e+01	-4.66715e-01	-2.80845e-01
2.30200e+01	-4.69586e-01	-2.76363e-01
2.30300e+01	-4.72376e-01	-2.71833e-01
2.30400e+01	-4.75084e-01	-2.67257e-01
2.30500e+01	-4.77711e-01	-2.62635e-01
2.30600e+01	-4.80255e-01	-2.57967e-01
2.30700e+01	-4.82717e-01	-2.53255e-01
2.30800e+01	-4.85095e-01	-2.48499e-01
2.30900e+01	-4.87390e-01	-2.43701e-01
2.31000e+01	-4.89601e-01	-2.38861e-01
2.31100e+01	-4.91728e-01	-2.33979e-01
2.31200e+01	-4.93770e-01	-2.29057e-01
2.31300e+01	-4.95727e-01	-2.24096e-01
2.31400e+01	-4.97598e-01	-2.19096e-01
2.31500e+01	-4.99384e-01	-2.14058e-01
2.31600e+01	-5.01084e-01	-2.08984e-01
2.31700e+01	-5.02697e-01	-2.03873e-01
2.31800e+01	-5.04224e-01	-1.98727e-01
2.31900e+01	-5.05664e-01	-1.93547e-01
2.32000e+01	-5.07017e-01	-1.88334e-01
2.32100e+01	-5.08282e-01	-1.83088e-01
2.32200e+01	-5.09460e-01	-1.77811e-01
2.32300e+01	-5.10550e-01	-1.72503e-01
2.32400e+01	-5.11552e-01	-1.67165e-01
2.32500e+01	-5.12466e-01	-1.61799e-01
2.32600e+01	-5.13292e-01	-1.56405e-01
2.32700e+01	-5.14029e-01	-1.50983e-01
2.32800e+01	-5.14677e-01	-1.45536e-01
2.32900e+01	-5.15237e-01	-1.40064e-01
2.33000e+01	-5.15708e-01	-1.34567e-01
2.33100e+01	-5.16090e-01	-1.29047e-01
2.33200e+01	-5.16383e-01	-1.23505e-01
2.33300e+01	-5.16588e-01	-1.17942e-01
2.33400e+01	-5.16703e-01	-1.12358e-01
2.33500e+01	-5.16729e-01	-1.06755e-01
2.33600e+01	-5.16666e-01	-1.01134e-01
2.33700e+01	-5.16514e-01	-9.54952e-02
2.33800e+01	-5.16272e-01	-8.98399e-02
2.33900e+01	-5.15942e-01	-8.41692e-02
2.34000e+01	-5.15523e-01	-7.84839e-02
2.34100e+01	-5.15015e-01	-7.27851e-02
2.34200e+01	-5.14418e-01	-6.70737e-02
2.34300e+01	-5.13733e-01	-6.13508e-02
2.34400e+01	-5.12959e-01	-5.56173e-02
2.34500e+01	-5.12096e-01	-4.98742e-02
2.34600e+01	-5.11146e-01	-4.41225e-02
2.34700e+01	-5.10107e-01	-3.83632e-02
2.34800e+01	-5.08980e-01	-3.25973e-02
2.34900e+01	-5.07765e-01	-2.68258e-02
2.35000e+01	-5.06463e-01	-2.10496e-02
2.35100e+01	-5.05073e-01	-1.52698e-02
2.35200e+01	-5.03597e-01	-9.48738e-03
2.35300e+01	-5.02033e-01	-3.70332e-03
2.35400e+01	-5.00383e-01	2.08138e-03
2.35500e+01	-4.98647e-01	7.86572e-03
2.35600e+01	-4.96824e-01	1.36487e-02
2.35700e+01	-4.94916e-01	1.94293e-02
2.35800e+01	-4.92923e-01	2.52066e-02
2.35900e+01	-4.90844e-01	3.09795e-02
2.36000e+01	-4.88681e-01	3.67471e-02
2.36100e+01	-4.86434e-01	4.25084e-02
2.36200e+01	-4.84103e-01	4.82623e-02
2.36300e+01	-4.81688e-01	5.40079e-02
2.36400e+01	-4.79190e-01	5.97442e-02
2.36500e+01	-4.76609e-01	6.54701e-02
2.36600e+01	-4.73946e-01	7.11848e-02
2.36700e+01	-4.71202e-01	7.68872e-02
2.36800e+01	-4.68376e-01	8.25763e-02
2.36900e+01	-4.65469e-01	8.82512e-02
2.37000e+01	-4.62482e-01	9.39108e-02
2.37100e+01	-4.59415e-01	9.95543e-02
2.37200e+01	-4.56269e-01	1.05181e-01
2.37300e+01	-4.53044e-01	1.10789e-01
2.37400e+01	-4.49741e-01	1.16378e-01
2.37500e+01	-4.46361e-01	1.21947e-01
2.37600e+01	-4.42903e-01	1.27494e-01
2.37700e+01	-4.39369e-01	1.33020e-01
2.37800e+01	-4.35759e-01	1.38523e-01
2.37900e+01	-4.32074e-01	1.44002e-01
2.38000e+01	-4.28315e-01	1.49456e-01
2.38100e+01	-4.24481e-01	1.54885e-01
2.38200e+01	-4.20574e-01	1.60286e-01
2.38300e+01	-4.16595e-01	1.65660e-01
2.38400e+01	-4.12544e-01	1.71006e-01
2.38500e+01	-4.08421e-01	1.76322e-01
2.38600e+01	-4.04228e-01	1.81607e-01
2.38700e+01	-3.99965e-01	1.86861e-01
2.38800e+01	-3.95633e-01	1.92083e-01
2.38900e+01	-3.91233e-01	1.97272e-01
2.39000e+01	-3.86766e-01	2.02426e-01
2.39100e+01	-3.82231e-01	2.07546e-01
2.39200e+01	-3.77631e-01	2.12630e-01
2.39300e+01	-3.72965e-01	2.17677e-01
2.39400e+01	-3.68235e-01	2.22687e-01
2.39500e+01	-3.63442e-01	2.27658e-01
2.39600e+01	-3.58585e-01	2.32590e-01
2.39700e+01	-3.53667e-01	2.37481e-01
2.39800e+01	-3.48688e-01	2.42332e-01
2.39900e+01	-3.43648e-01	2.47141e-01
2.40000e+01	-3.38550e-01	2.51907e-01
2.40100e+01	-3.33392e-01	2.56629e-01
2.40200e+01	-3.28178e-01	2.61308e-01
2.40300e+01	-3.22906e-01	2.65941e-01
2.40400e+01	-3.17579e-01	2.70528e-01
2.40500e+01	-3.12197e-01	2.75069e-01
2.40600e+01	-3.06761e-01	2.79562e-01
2.40700e+01	-3.01272e-01	2.84007e-01
2.40800e+01	-2.95731e-01	2.88402e-01
2.40900e+01	-2.90138e-01	2.92748e-01
2.41000e+01	-2.84496e-01	2.97044e-01
2.41100e+01	-2.78805e-01	3.01288e-01
2.41200e+01	-2.73065e-01	3.05480e-01
2.41300e+01	-2.67279e-01	3.09619e-01
2.41400e+01	-2.61446e-01	3.13705e-01
2.41500e+01	-2.55568e-01	3.17736e-01
2.41600e+01	-2.49646e-01	3.21713e-01
2.41700e+01	-2.43680e-01	3.25634e-01
2.41800e+01	-2.37673e-01	3.29499e-01
2.41900e+01	-2.31625e-01	3.33307e-01
2.42000e+01	-2.25536e-01	3.37058e-01
2.42100e+01	-2.19409e-01	3.40750e-01
2.42200e+01	-2.13244e-01	3.44383e-01
2.42300e+01	-2.07041e-01	3.47957e-01
2.42400e+01	-2.00804e-01	3.51470e-01
2.42500e+01	-1.94531e-01	3.54923e-01
2.42600e+01	-1.88225e-01	3.58315e-01
2.42700e+01	-1.81886e-01	3.61645e-01
2.42800e+01	-1.75516e-01	3.64912e-01
2.42900e+01	-1.69115e-01	3.68116e-01
2.43000e+01	-1.62686e-01	3.71257e-01
2.43100e+01	-1.56228e-01	3.74333e-01
2.43200e+01	-1.49743e-01	3.77345e-01
2.43300e+01	-1.43232e-01	3.80291e-01
2.43400e+01	-1.36697e-01	3.83172e-01
2.43500e+01	-1.30138e-01	3.85987e-01
2.43600e+01	-1.23556e-01	3.88735e-01
2.43700e+01	-1.16953e-01	3.91415e-01
2.43800e+01	-1.10330e-01	3.94028e-01
2.43900e+01	-1.03688e-01	3.96573e-01
2.44000e+01	-9.70278e-02	3.99050e-01
2.44100e+01	-9.03509e-02	4.01457e-01
2.44200e+01	-8.36584e-02	4.03795e-01
2.44300e+01	-7.69514e-02	4.06064e-01
2.44400e+01	-7.02312e-02	4.08262e-01
2.44500e+01	-6.34988e-02	4.10389e-01
2.44600e+01	-5.67554e-02	4.12446e-01
2.44700e+01	-5.00022e-02	4.14431e-01
2.44800e+01	-4.32404e-02	4.16345e-01
2.44900e+01	-3.64710e-02	4.18186e-01
2.45000e+01	-2.96954e-02	4.19956e-01
2.45100e+01	-2.29147e-02	4.21652e-01
2.45200e+01	-1.61300e-02	4.23276e-01
2.45300e+01	-9.34246e-03	4.24827e-01
2.45400e+01	-2.55334e-03	4.26304e-01
2.45500e+01	4.23622e-03	4.27708e-01
2.45600e+01	1.10250e-02	4.29037e-01
2.45700e+01	1.78120e-02	4.30293e-01
2.45800e+01	2.45958e-02	4.31474e-01
2.45900e+01	3.13754e-02	4.32580e-01
2.46000e+01	3.81496e-02	4.33611e-01
2.46100e+01	4.49171e-02	4.34568e-01
2.46200e+01	5.16769e-02	4.35450e-01
2.46300e+01	5.84278e-02	4.36256e-01
2.46400e+01	6.51685e-02	4.36986e-01
2.46500e+01	7.18980e-02	4.37641e-01
2.46600e+01	7.86151e-02	4.38221e-01
2.46700e+01	8.53185e-02	4.38725e-01
2.46800e+01	9.20072e-02	4.39152e-01
2.46900e+01	9.86800e-02	4.39504e-01
2.47000e+01	1.05336e-01	4.39780e-01
2.47100e+01	1.11973e-01	4.39980e-01
2.47200e+01	1.18591e-01	4.40103e-01
2.47300e+01	1.25189e-01	4.40151e-01
2.47400e+01	1.31765e-01	4.40122e-01
2.47500e+01	1.38318e-01	4.40017e-01
2.47600e+01	1.44847e-01	4.39836e-01
2.47700e+01	1.51352e-01	4.39580e-01
2.47800e+01	1.57830e-01	4.39247e-01
2.47900e+01	1.64280e-01	4.38838e-01
2.48000e+01	1.70703e-01	4.38353e-01
2.48100e+01	1.77095e-01	4.37792e-01
2.48200e+01	1.83457e-01	4.37155e-01
2.48300e+01	1.89788e-01	4.36443e-01
2.48400e+01	1.96085e-01	4.35656e-01
2.48500e+01	2.02349e-01	4.34793e-01
2.48600e+01	2.08578e-01	4.33854e-01
2.48700e+01	2.14770e-01	4.32841e-01
2.48800e+01	2.20925e-01	4.31753e-01
2.48900e+01	2.27043e-01	4.30590e-01
2.49000e+01	2.33120e-01	4.29352e-01
2.49100e+01	2.39158e-01	4.28041e-01
2.49200e+01	2.45154e-01	4.26655e-01
2.49300e+01	2.51108e-01	4.25195e-01
2.49400e+01	2.57018e-01	4.23662e-01
2.49500e+01	2.62884e-01	4.22056e-01
2.49600e+01	2.68704e-01	4.20376e-01
2.49700e+01	2.74478e-01	4.18624e-01
2.49800e+01	2.80204e-01	4.16799e-01
2.49900e+01	2.85882e-01	4.14902e-01
2.50000e+01	2.91510e-01	4.12933e-01
