# 401 angles,  1 tensor ranks for 0=projectile
@subtitle   "n14(f17,ne18)c13 @ 170 MeV;"                                                   
@legend ON
@legend x1 0.2
@legend y1 0.8
@g0 type LOGY
@yaxis ticklabel format power
@legend string   0 "Lab energy =  170.0000"
#legend string   0 "Partition=  1 Excit=  1 near/far= 1"
#  Theta       sigma       iT11        T20         T21         T22         Kyy for projectile
  0.1000E-01   1.000    
  0.1000       1.000    
  0.2000      0.9991    
  0.3000       1.001    
  0.4000       1.002    
  0.5000      0.9963    
  0.6000      0.9919    
  0.7000      0.9962    
  0.8000       1.007    
  0.9000       1.017    
   1.000       1.021    
   1.100       1.016    
   1.200       1.004    
   1.300      0.9883    
   1.400      0.9721    
   1.500      0.9595    
   1.600      0.9528    
   1.700      0.9530    
   1.800      0.9601    
   1.900      0.9729    
   2.000      0.9897    
   2.100       1.008    
   2.200       1.027    
   2.300       1.045    
   2.400       1.059    
   2.500       1.070    
   2.600       1.077    
   2.700       1.080    
   2.800       1.080    
   2.900       1.077    
   3.000       1.072    
   3.100       1.066    
   3.200       1.059    
   3.300       1.053    
   3.400       1.048    
   3.500       1.044    
   3.600       1.042    
   3.700       1.041    
   3.800       1.042    
   3.900       1.045    
   4.000       1.049    
   4.100       1.053    
   4.200       1.057    
   4.300       1.060    
   4.400       1.062    
   4.500       1.063    
   4.600       1.062    
   4.700       1.058    
   4.800       1.051    
   4.900       1.042    
   5.000       1.029    
   5.100       1.013    
   5.200      0.9939    
   5.300      0.9721    
   5.400      0.9477    
   5.500      0.9211    
   5.600      0.8926    
   5.700      0.8627    
   5.800      0.8318    
   5.900      0.8005    
   6.000      0.7693    
   6.100      0.7385    
   6.200      0.7087    
   6.300      0.6802    
   6.400      0.6534    
   6.500      0.6286    
   6.600      0.6060    
   6.700      0.5859    
   6.800      0.5682    
   6.900      0.5531    
   7.000      0.5406    
   7.100      0.5306    
   7.200      0.5229    
   7.300      0.5174    
   7.400      0.5138    
   7.500      0.5119    
   7.600      0.5114    
   7.700      0.5120    
   7.800      0.5134    
   7.900      0.5152    
   8.000      0.5171    
   8.100      0.5188    
   8.200      0.5200    
   8.300      0.5205    
   8.400      0.5200    
   8.500      0.5183    
   8.600      0.5152    
   8.700      0.5106    
   8.800      0.5045    
   8.900      0.4967    
   9.000      0.4873    
   9.100      0.4762    
   9.200      0.4636    
   9.300      0.4496    
   9.400      0.4343    
   9.500      0.4178    
   9.600      0.4004    
   9.700      0.3823    
   9.800      0.3636    
   9.900      0.3447    
   10.00      0.3257    
   10.10      0.3069    
   10.20      0.2885    
   10.30      0.2708    
   10.40      0.2539    
   10.50      0.2380    
   10.60      0.2234    
   10.70      0.2101    
   10.80      0.1982    
   10.90      0.1879    
   11.00      0.1793    
   11.10      0.1722    
   11.20      0.1669    
   11.30      0.1631    
   11.40      0.1610    
   11.50      0.1603    
   11.60      0.1610    
   11.70      0.1630    
   11.80      0.1662    
   11.90      0.1702    
   12.00      0.1751    
   12.10      0.1806    
   12.20      0.1866    
   12.30      0.1927    
   12.40      0.1989    
   12.50      0.2050    
   12.60      0.2108    
   12.70      0.2161    
   12.80      0.2208    
   12.90      0.2247    
   13.00      0.2277    
   13.10      0.2298    
   13.20      0.2308    
   13.30      0.2307    
   13.40      0.2294    
   13.50      0.2270    
   13.60      0.2234    
   13.70      0.2186    
   13.80      0.2128    
   13.90      0.2060    
   14.00      0.1983    
   14.10      0.1897    
   14.20      0.1805    
   14.30      0.1707    
   14.40      0.1604    
   14.50      0.1498    
   14.60      0.1390    
   14.70      0.1283    
   14.80      0.1176    
   14.90      0.1073    
   15.00      0.9729E-01
   15.10      0.8783E-01
   15.20      0.7901E-01
   15.30      0.7093E-01
   15.40      0.6367E-01
   15.50      0.5730E-01
   15.60      0.5190E-01
   15.70      0.4748E-01
   15.80      0.4409E-01
   15.90      0.4172E-01
   16.00      0.4037E-01
   16.10      0.4002E-01
   16.20      0.4061E-01
   16.30      0.4210E-01
   16.40      0.4442E-01
   16.50      0.4749E-01
   16.60      0.5121E-01
   16.70      0.5550E-01
   16.80      0.6024E-01
   16.90      0.6532E-01
   17.00      0.7063E-01
   17.10      0.7606E-01
   17.20      0.8149E-01
   17.30      0.8681E-01
   17.40      0.9192E-01
   17.50      0.9672E-01
   17.60      0.1011    
   17.70      0.1050    
   17.80      0.1083    
   17.90      0.1111    
   18.00      0.1131    
   18.10      0.1144    
   18.20      0.1150    
   18.30      0.1148    
   18.40      0.1139    
   18.50      0.1122    
   18.60      0.1098    
   18.70      0.1067    
   18.80      0.1030    
   18.90      0.9870E-01
   19.00      0.9389E-01
   19.10      0.8862E-01
   19.20      0.8299E-01
   19.30      0.7707E-01
   19.40      0.7094E-01
   19.50      0.6469E-01
   19.60      0.5841E-01
   19.70      0.5218E-01
   19.80      0.4609E-01
   19.90      0.4021E-01
   20.00      0.3463E-01
   20.10      0.2940E-01
   20.20      0.2459E-01
   20.30      0.2025E-01
   20.40      0.1644E-01
   20.50      0.1318E-01
   20.60      0.1050E-01
   20.70      0.8423E-02
   20.80      0.6959E-02
   20.90      0.6103E-02
   21.00      0.5847E-02
   21.10      0.6171E-02
   21.20      0.7048E-02
   21.30      0.8444E-02
   21.40      0.1031E-01
   21.50      0.1261E-01
   21.60      0.1529E-01
   21.70      0.1828E-01
   21.80      0.2152E-01
   21.90      0.2496E-01
   22.00      0.2852E-01
   22.10      0.3214E-01
   22.20      0.3576E-01
   22.30      0.3932E-01
   22.40      0.4275E-01
   22.50      0.4599E-01
   22.60      0.4900E-01
   22.70      0.5173E-01
   22.80      0.5414E-01
   22.90      0.5618E-01
   23.00      0.5783E-01
   23.10      0.5907E-01
   23.20      0.5988E-01
   23.30      0.6025E-01
   23.40      0.6018E-01
   23.50      0.5968E-01
   23.60      0.5875E-01
   23.70      0.5742E-01
   23.80      0.5570E-01
   23.90      0.5363E-01
   24.00      0.5123E-01
   24.10      0.4855E-01
   24.20      0.4563E-01
   24.30      0.4251E-01
   24.40      0.3923E-01
   24.50      0.3585E-01
   24.60      0.3240E-01
   24.70      0.2895E-01
   24.80      0.2552E-01
   24.90      0.2218E-01
   25.00      0.1895E-01
   25.10      0.1589E-01
   25.20      0.1302E-01
   25.30      0.1038E-01
   25.40      0.8001E-02
   25.50      0.5903E-02
   25.60      0.4109E-02
   25.70      0.2631E-02
   25.80      0.1480E-02
   25.90      0.6599E-03
   26.00      0.1716E-03
   26.10      0.9916E-05
   26.20      0.1652E-03
   26.30      0.6238E-03
   26.40      0.1368E-02
   26.50      0.2376E-02
   26.60      0.3623E-02
   26.70      0.5083E-02
   26.80      0.6724E-02
   26.90      0.8516E-02
   27.00      0.1043E-01
   27.10      0.1242E-01
   27.20      0.1446E-01
   27.30      0.1652E-01
   27.40      0.1857E-01
   27.50      0.2056E-01
   27.60      0.2248E-01
   27.70      0.2428E-01
   27.80      0.2596E-01
   27.90      0.2748E-01
   28.00      0.2882E-01
   28.10      0.2996E-01
   28.20      0.3090E-01
   28.30      0.3162E-01
   28.40      0.3211E-01
   28.50      0.3237E-01
   28.60      0.3241E-01
   28.70      0.3221E-01
   28.80      0.3179E-01
   28.90      0.3117E-01
   29.00      0.3034E-01
   29.10      0.2933E-01
   29.20      0.2814E-01
   29.30      0.2681E-01
   29.40      0.2535E-01
   29.50      0.2379E-01
   29.60      0.2214E-01
   29.70      0.2042E-01
   29.80      0.1867E-01
   29.90      0.1691E-01
   30.00      0.1515E-01
   30.10      0.1343E-01
   30.20      0.1176E-01
   30.30      0.1016E-01
   30.40      0.8649E-02
   30.50      0.7249E-02
   30.60      0.5972E-02
   30.70      0.4829E-02
   30.80      0.3832E-02
   30.90      0.2989E-02
   31.00      0.2305E-02
   31.10      0.1784E-02
   31.20      0.1428E-02
   31.30      0.1234E-02
   31.40      0.1199E-02
   31.50      0.1318E-02
   31.60      0.1583E-02
   31.70      0.1985E-02
   31.80      0.2514E-02
   31.90      0.3156E-02
   32.00      0.3898E-02
   32.10      0.4726E-02
   32.20      0.5624E-02
   32.30      0.6577E-02
   32.40      0.7569E-02
   32.50      0.8583E-02
   32.60      0.9603E-02
   32.70      0.1061E-01
   32.80      0.1160E-01
   32.90      0.1255E-01
   33.00      0.1345E-01
   33.10      0.1428E-01
   33.20      0.1504E-01
   33.30      0.1572E-01
   33.40      0.1630E-01
   33.50      0.1678E-01
   33.60      0.1716E-01
   33.70      0.1744E-01
   33.80      0.1760E-01
   33.90      0.1765E-01
   34.00      0.1760E-01
   34.10      0.1744E-01
   34.20      0.1718E-01
   34.30      0.1682E-01
   34.40      0.1637E-01
   34.50      0.1584E-01
   34.60      0.1524E-01
   34.70      0.1457E-01
   34.80      0.1385E-01
   34.90      0.1308E-01
   35.00      0.1228E-01
   35.10      0.1145E-01
   35.20      0.1061E-01
   35.30      0.9772E-02
   35.40      0.8940E-02
   35.50      0.8126E-02
   35.60      0.7339E-02
   35.70      0.6589E-02
   35.80      0.5883E-02
   35.90      0.5228E-02
   36.00      0.4631E-02
   36.10      0.4097E-02
   36.20      0.3631E-02
   36.30      0.3235E-02
   36.40      0.2911E-02
   36.50      0.2662E-02
   36.60      0.2488E-02
   36.70      0.2386E-02
   36.80      0.2357E-02
   36.90      0.2396E-02
   37.00      0.2501E-02
   37.10      0.2668E-02
   37.20      0.2891E-02
   37.30      0.3165E-02
   37.40      0.3484E-02
   37.50      0.3842E-02
   37.60      0.4231E-02
   37.70      0.4646E-02
   37.80      0.5078E-02
   37.90      0.5521E-02
   38.00      0.5968E-02
   38.10      0.6413E-02
   38.20      0.6847E-02
   38.30      0.7267E-02
   38.40      0.7664E-02
   38.50      0.8035E-02
   38.60      0.8374E-02
   38.70      0.8678E-02
   38.80      0.8941E-02
   38.90      0.9163E-02
   39.00      0.9339E-02
   39.10      0.9470E-02
   39.20      0.9552E-02
   39.30      0.9587E-02
   39.40      0.9575E-02
   39.50      0.9516E-02
   39.60      0.9412E-02
   39.70      0.9265E-02
   39.80      0.9077E-02
   39.90      0.8853E-02
   40.00      0.8594E-02
 END
