# 401 angles,  1 tensor ranks for 0=projectile
@subtitle   "n14(f17,ne18)c13 @ 170 MeV;"                                                   
@legend ON
@legend x1 0.2
@legend y1 0.8
@g0 type LOGY
@yaxis ticklabel format power
@legend string   0 "Lab energy =  170.0000"
#legend string   0 "Partition=  2 Excit=  1 near/far= 1"
#  Theta       sigma       iT11        T20         T21         T22         Kyy for projectile
   0.000       3.123    
  0.1000       3.120    
  0.2000       3.112    
  0.3000       3.098    
  0.4000       3.079    
  0.5000       3.056    
  0.6000       3.030    
  0.7000       3.000    
  0.8000       2.969    
  0.9000       2.937    
   1.000       2.906    
   1.100       2.876    
   1.200       2.849    
   1.300       2.826    
   1.400       2.808    
   1.500       2.797    
   1.600       2.794    
   1.700       2.799    
   1.800       2.813    
   1.900       2.838    
   2.000       2.874    
   2.100       2.921    
   2.200       2.979    
   2.300       3.049    
   2.400       3.129    
   2.500       3.220    
   2.600       3.320    
   2.700       3.428    
   2.800       3.543    
   2.900       3.664    
   3.000       3.789    
   3.100       3.915    
   3.200       4.042    
   3.300       4.166    
   3.400       4.285    
   3.500       4.398    
   3.600       4.502    
   3.700       4.594    
   3.800       4.674    
   3.900       4.738    
   4.000       4.786    
   4.100       4.815    
   4.200       4.825    
   4.300       4.815    
   4.400       4.784    
   4.500       4.732    
   4.600       4.659    
   4.700       4.564    
   4.800       4.451    
   4.900       4.318    
   5.000       4.168    
   5.100       4.002    
   5.200       3.822    
   5.300       3.631    
   5.400       3.430    
   5.500       3.222    
   5.600       3.010    
   5.700       2.796    
   5.800       2.583    
   5.900       2.373    
   6.000       2.169    
   6.100       1.972    
   6.200       1.786    
   6.300       1.611    
   6.400       1.450    
   6.500       1.303    
   6.600       1.172    
   6.700       1.058    
   6.800      0.9608    
   6.900      0.8804    
   7.000      0.8171    
   7.100      0.7702    
   7.200      0.7392    
   7.300      0.7231    
   7.400      0.7208    
   7.500      0.7310    
   7.600      0.7523    
   7.700      0.7830    
   7.800      0.8215    
   7.900      0.8662    
   8.000      0.9153    
   8.100      0.9671    
   8.200       1.020    
   8.300       1.073    
   8.400       1.123    
   8.500       1.170    
   8.600       1.213    
   8.700       1.250    
   8.800       1.281    
   8.900       1.305    
   9.000       1.321    
   9.100       1.328    
   9.200       1.328    
   9.300       1.320    
   9.400       1.303    
   9.500       1.279    
   9.600       1.247    
   9.700       1.209    
   9.800       1.164    
   9.900       1.114    
   10.00       1.060    
   10.10       1.001    
   10.20      0.9402    
   10.30      0.8772    
   10.40      0.8132    
   10.50      0.7490    
   10.60      0.6855    
   10.70      0.6235    
   10.80      0.5637    
   10.90      0.5068    
   11.00      0.4533    
   11.10      0.4038    
   11.20      0.3587    
   11.30      0.3183    
   11.40      0.2827    
   11.50      0.2521    
   11.60      0.2266    
   11.70      0.2061    
   11.80      0.1905    
   11.90      0.1796    
   12.00      0.1730    
   12.10      0.1706    
   12.20      0.1719    
   12.30      0.1765    
   12.40      0.1839    
   12.50      0.1938    
   12.60      0.2056    
   12.70      0.2188    
   12.80      0.2331    
   12.90      0.2479    
   13.00      0.2628    
   13.10      0.2773    
   13.20      0.2912    
   13.30      0.3040    
   13.40      0.3155    
   13.50      0.3254    
   13.60      0.3335    
   13.70      0.3396    
   13.80      0.3436    
   13.90      0.3454    
   14.00      0.3450    
   14.10      0.3424    
   14.20      0.3377    
   14.30      0.3309    
   14.40      0.3221    
   14.50      0.3117    
   14.60      0.2996    
   14.70      0.2861    
   14.80      0.2714    
   14.90      0.2557    
   15.00      0.2393    
   15.10      0.2225    
   15.20      0.2053    
   15.30      0.1881    
   15.40      0.1712    
   15.50      0.1546    
   15.60      0.1386    
   15.70      0.1233    
   15.80      0.1090    
   15.90      0.9568E-01
   16.00      0.8354E-01
   16.10      0.7263E-01
   16.20      0.6303E-01
   16.30      0.5477E-01
   16.40      0.4787E-01
   16.50      0.4233E-01
   16.60      0.3812E-01
   16.70      0.3519E-01
   16.80      0.3349E-01
   16.90      0.3293E-01
   17.00      0.3343E-01
   17.10      0.3489E-01
   17.20      0.3719E-01
   17.30      0.4022E-01
   17.40      0.4386E-01
   17.50      0.4797E-01
   17.60      0.5244E-01
   17.70      0.5713E-01
   17.80      0.6194E-01
   17.90      0.6674E-01
   18.00      0.7142E-01
   18.10      0.7589E-01
   18.20      0.8006E-01
   18.30      0.8384E-01
   18.40      0.8716E-01
   18.50      0.8997E-01
   18.60      0.9223E-01
   18.70      0.9388E-01
   18.80      0.9492E-01
   18.90      0.9534E-01
   19.00      0.9513E-01
   19.10      0.9430E-01
   19.20      0.9288E-01
   19.30      0.9090E-01
   19.40      0.8839E-01
   19.50      0.8540E-01
   19.60      0.8198E-01
   19.70      0.7819E-01
   19.80      0.7408E-01
   19.90      0.6973E-01
   20.00      0.6518E-01
   20.10      0.6052E-01
   20.20      0.5579E-01
   20.30      0.5106E-01
   20.40      0.4640E-01
   20.50      0.4184E-01
   20.60      0.3745E-01
   20.70      0.3328E-01
   20.80      0.2935E-01
   20.90      0.2572E-01
   21.00      0.2240E-01
   21.10      0.1942E-01
   21.20      0.1680E-01
   21.30      0.1456E-01
   21.40      0.1269E-01
   21.50      0.1119E-01
   21.60      0.1007E-01
   21.70      0.9302E-02
   21.80      0.8881E-02
   21.90      0.8785E-02
   22.00      0.8991E-02
   22.10      0.9471E-02
   22.20      0.1020E-01
   22.30      0.1113E-01
   22.40      0.1225E-01
   22.50      0.1352E-01
   22.60      0.1490E-01
   22.70      0.1636E-01
   22.80      0.1786E-01
   22.90      0.1938E-01
   23.00      0.2087E-01
   23.10      0.2232E-01
   23.20      0.2369E-01
   23.30      0.2497E-01
   23.40      0.2613E-01
   23.50      0.2715E-01
   23.60      0.2801E-01
   23.70      0.2871E-01
   23.80      0.2924E-01
   23.90      0.2958E-01
   24.00      0.2975E-01
   24.10      0.2973E-01
   24.20      0.2954E-01
   24.30      0.2917E-01
   24.40      0.2864E-01
   24.50      0.2796E-01
   24.60      0.2713E-01
   24.70      0.2618E-01
   24.80      0.2512E-01
   24.90      0.2397E-01
   25.00      0.2273E-01
   25.10      0.2144E-01
   25.20      0.2010E-01
   25.30      0.1873E-01
   25.40      0.1736E-01
   25.50      0.1600E-01
   25.60      0.1466E-01
   25.70      0.1336E-01
   25.80      0.1211E-01
   25.90      0.1092E-01
   26.00      0.9814E-02
   26.10      0.8788E-02
   26.20      0.7853E-02
   26.30      0.7017E-02
   26.40      0.6283E-02
   26.50      0.5653E-02
   26.60      0.5130E-02
   26.70      0.4713E-02
   26.80      0.4400E-02
   26.90      0.4188E-02
   27.00      0.4072E-02
   27.10      0.4047E-02
   27.20      0.4106E-02
   27.30      0.4243E-02
   27.40      0.4448E-02
   27.50      0.4713E-02
   27.60      0.5030E-02
   27.70      0.5388E-02
   27.80      0.5778E-02
   27.90      0.6190E-02
   28.00      0.6616E-02
   28.10      0.7047E-02
   28.20      0.7473E-02
   28.30      0.7887E-02
   28.40      0.8282E-02
   28.50      0.8649E-02
   28.60      0.8985E-02
   28.70      0.9283E-02
   28.80      0.9539E-02
   28.90      0.9749E-02
   29.00      0.9912E-02
   29.10      0.1002E-01
   29.20      0.1009E-01
   29.30      0.1010E-01
   29.40      0.1005E-01
   29.50      0.9965E-02
   29.60      0.9828E-02
   29.70      0.9645E-02
   29.80      0.9421E-02
   29.90      0.9159E-02
   30.00      0.8863E-02
   30.10      0.8537E-02
   30.20      0.8185E-02
   30.30      0.7812E-02
   30.40      0.7423E-02
   30.50      0.7023E-02
   30.60      0.6616E-02
   30.70      0.6208E-02
   30.80      0.5803E-02
   30.90      0.5404E-02
   31.00      0.5017E-02
   31.10      0.4644E-02
   31.20      0.4289E-02
   31.30      0.3955E-02
   31.40      0.3645E-02
   31.50      0.3361E-02
   31.60      0.3104E-02
   31.70      0.2875E-02
   31.80      0.2676E-02
   31.90      0.2507E-02
   32.00      0.2368E-02
   32.10      0.2257E-02
   32.20      0.2176E-02
   32.30      0.2121E-02
   32.40      0.2092E-02
   32.50      0.2088E-02
   32.60      0.2105E-02
   32.70      0.2142E-02
   32.80      0.2197E-02
   32.90      0.2266E-02
   33.00      0.2349E-02
   33.10      0.2441E-02
   33.20      0.2541E-02
   33.30      0.2646E-02
   33.40      0.2753E-02
   33.50      0.2860E-02
   33.60      0.2966E-02
   33.70      0.3067E-02
   33.80      0.3162E-02
   33.90      0.3250E-02
   34.00      0.3328E-02
   34.10      0.3396E-02
   34.20      0.3452E-02
   34.30      0.3496E-02
   34.40      0.3527E-02
   34.50      0.3543E-02
   34.60      0.3546E-02
   34.70      0.3535E-02
   34.80      0.3511E-02
   34.90      0.3473E-02
   35.00      0.3422E-02
   35.10      0.3359E-02
   35.20      0.3286E-02
   35.30      0.3201E-02
   35.40      0.3108E-02
   35.50      0.3006E-02
   35.60      0.2898E-02
   35.70      0.2784E-02
   35.80      0.2667E-02
   35.90      0.2546E-02
   36.00      0.2423E-02
   36.10      0.2301E-02
   36.20      0.2179E-02
   36.30      0.2059E-02
   36.40      0.1943E-02
   36.50      0.1830E-02
   36.60      0.1723E-02
   36.70      0.1621E-02
   36.80      0.1526E-02
   36.90      0.1438E-02
   37.00      0.1357E-02
   37.10      0.1284E-02
   37.20      0.1219E-02
   37.30      0.1162E-02
   37.40      0.1113E-02
   37.50      0.1072E-02
   37.60      0.1039E-02
   37.70      0.1013E-02
   37.80      0.9948E-03
   37.90      0.9830E-03
   38.00      0.9775E-03
   38.10      0.9776E-03
   38.20      0.9827E-03
   38.30      0.9924E-03
   38.40      0.1006E-02
   38.50      0.1022E-02
   38.60      0.1042E-02
   38.70      0.1063E-02
   38.80      0.1085E-02
   38.90      0.1108E-02
   39.00      0.1130E-02
   39.10      0.1152E-02
   39.20      0.1173E-02
   39.30      0.1193E-02
   39.40      0.1210E-02
   39.50      0.1225E-02
   39.60      0.1237E-02
   39.70      0.1245E-02
   39.80      0.1251E-02
   39.90      0.1253E-02
   40.00      0.1252E-02
 END
