# 401 angles,  1 tensor ranks for 0=projectile
@subtitle   "n14(f17,ne18)c13 @ 170 MeV;"                                                   
@legend ON
@legend x1 0.2
@legend y1 0.8
@g0 type LOGY
@yaxis ticklabel format power
@xaxis label "Scattering angle (degrees)"
@yaxis label "Cross section (mb/sr)"
@legend string   0 "Partition=  1 Excit=  1 near/far= 1"
#legend string   0 "Lab energy =  170.0000"
@s0 linestyle   1
#  Theta       sigma       iT11        T20         T21         T22         Kyy for projectile
  0.1000E-01   1.000    
  0.1000       1.000    
  0.2000      0.9991    
  0.3000       1.001    
  0.4000       1.002    
  0.5000      0.9963    
  0.6000      0.9919    
  0.7000      0.9962    
  0.8000       1.007    
  0.9000       1.017    
   1.000       1.021    
   1.100       1.016    
   1.200       1.004    
   1.300      0.9883    
   1.400      0.9721    
   1.500      0.9595    
   1.600      0.9528    
   1.700      0.9530    
   1.800      0.9601    
   1.900      0.9729    
   2.000      0.9897    
   2.100       1.008    
   2.200       1.027    
   2.300       1.045    
   2.400       1.059    
   2.500       1.070    
   2.600       1.077    
   2.700       1.080    
   2.800       1.080    
   2.900       1.077    
   3.000       1.072    
   3.100       1.066    
   3.200       1.059    
   3.300       1.053    
   3.400       1.048    
   3.500       1.044    
   3.600       1.042    
   3.700       1.041    
   3.800       1.042    
   3.900       1.045    
   4.000       1.049    
   4.100       1.053    
   4.200       1.057    
   4.300       1.060    
   4.400       1.062    
   4.500       1.063    
   4.600       1.062    
   4.700       1.058    
   4.800       1.051    
   4.900       1.042    
   5.000       1.029    
   5.100       1.013    
   5.200      0.9939    
   5.300      0.9721    
   5.400      0.9477    
   5.500      0.9211    
   5.600      0.8926    
   5.700      0.8627    
   5.800      0.8318    
   5.900      0.8005    
   6.000      0.7693    
   6.100      0.7385    
   6.200      0.7087    
   6.300      0.6802    
   6.400      0.6534    
   6.500      0.6286    
   6.600      0.6060    
   6.700      0.5859    
   6.800      0.5682    
   6.900      0.5531    
   7.000      0.5406    
   7.100      0.5306    
   7.200      0.5229    
   7.300      0.5174    
   7.400      0.5138    
   7.500      0.5119    
   7.600      0.5114    
   7.700      0.5120    
   7.800      0.5134    
   7.900      0.5152    
   8.000      0.5171    
   8.100      0.5188    
   8.200      0.5200    
   8.300      0.5205    
   8.400      0.5200    
   8.500      0.5183    
   8.600      0.5152    
   8.700      0.5106    
   8.800      0.5045    
   8.900      0.4967    
   9.000      0.4873    
   9.100      0.4762    
   9.200      0.4636    
   9.300      0.4496    
   9.400      0.4343    
   9.500      0.4178    
   9.600      0.4004    
   9.700      0.3823    
   9.800      0.3636    
   9.900      0.3447    
   10.00      0.3257    
   10.10      0.3069    
   10.20      0.2885    
   10.30      0.2708    
   10.40      0.2539    
   10.50      0.2380    
   10.60      0.2234    
   10.70      0.2101    
   10.80      0.1982    
   10.90      0.1879    
   11.00      0.1793    
   11.10      0.1722    
   11.20      0.1669    
   11.30      0.1631    
   11.40      0.1610    
   11.50      0.1603    
   11.60      0.1610    
   11.70      0.1630    
   11.80      0.1662    
   11.90      0.1702    
   12.00      0.1751    
   12.10      0.1806    
   12.20      0.1866    
   12.30      0.1927    
   12.40      0.1989    
   12.50      0.2050    
   12.60      0.2108    
   12.70      0.2161    
   12.80      0.2208    
   12.90      0.2247    
   13.00      0.2277    
   13.10      0.2298    
   13.20      0.2308    
   13.30      0.2307    
   13.40      0.2294    
   13.50      0.2270    
   13.60      0.2234    
   13.70      0.2186    
   13.80      0.2128    
   13.90      0.2060    
   14.00      0.1983    
   14.10      0.1897    
   14.20      0.1805    
   14.30      0.1707    
   14.40      0.1604    
   14.50      0.1498    
   14.60      0.1390    
   14.70      0.1283    
   14.80      0.1176    
   14.90      0.1073    
   15.00      0.9729E-01
   15.10      0.8783E-01
   15.20      0.7901E-01
   15.30      0.7093E-01
   15.40      0.6367E-01
   15.50      0.5730E-01
   15.60      0.5190E-01
   15.70      0.4748E-01
   15.80      0.4409E-01
   15.90      0.4172E-01
   16.00      0.4037E-01
   16.10      0.4002E-01
   16.20      0.4061E-01
   16.30      0.4210E-01
   16.40      0.4442E-01
   16.50      0.4749E-01
   16.60      0.5121E-01
   16.70      0.5550E-01
   16.80      0.6024E-01
   16.90      0.6532E-01
   17.00      0.7063E-01
   17.10      0.7606E-01
   17.20      0.8149E-01
   17.30      0.8681E-01
   17.40      0.9192E-01
   17.50      0.9672E-01
   17.60      0.1011    
   17.70      0.1050    
   17.80      0.1083    
   17.90      0.1111    
   18.00      0.1131    
   18.10      0.1144    
   18.20      0.1150    
   18.30      0.1148    
   18.40      0.1139    
   18.50      0.1122    
   18.60      0.1098    
   18.70      0.1067    
   18.80      0.1030    
   18.90      0.9870E-01
   19.00      0.9389E-01
   19.10      0.8862E-01
   19.20      0.8299E-01
   19.30      0.7707E-01
   19.40      0.7094E-01
   19.50      0.6469E-01
   19.60      0.5841E-01
   19.70      0.5218E-01
   19.80      0.4609E-01
   19.90      0.4021E-01
   20.00      0.3463E-01
   20.10      0.2940E-01
   20.20      0.2459E-01
   20.30      0.2025E-01
   20.40      0.1644E-01
   20.50      0.1318E-01
   20.60      0.1050E-01
   20.70      0.8423E-02
   20.80      0.6959E-02
   20.90      0.6103E-02
   21.00      0.5847E-02
   21.10      0.6171E-02
   21.20      0.7048E-02
   21.30      0.8444E-02
   21.40      0.1031E-01
   21.50      0.1261E-01
   21.60      0.1529E-01
   21.70      0.1828E-01
   21.80      0.2152E-01
   21.90      0.2496E-01
   22.00      0.2852E-01
   22.10      0.3214E-01
   22.20      0.3576E-01
   22.30      0.3932E-01
   22.40      0.4275E-01
   22.50      0.4599E-01
   22.60      0.4900E-01
   22.70      0.5173E-01
   22.80      0.5414E-01
   22.90      0.5618E-01
   23.00      0.5783E-01
   23.10      0.5907E-01
   23.20      0.5988E-01
   23.30      0.6025E-01
   23.40      0.6018E-01
   23.50      0.5968E-01
   23.60      0.5875E-01
   23.70      0.5742E-01
   23.80      0.5570E-01
   23.90      0.5363E-01
   24.00      0.5123E-01
   24.10      0.4855E-01
   24.20      0.4563E-01
   24.30      0.4251E-01
   24.40      0.3923E-01
   24.50      0.3585E-01
   24.60      0.3240E-01
   24.70      0.2895E-01
   24.80      0.2552E-01
   24.90      0.2218E-01
   25.00      0.1895E-01
   25.10      0.1589E-01
   25.20      0.1302E-01
   25.30      0.1038E-01
   25.40      0.8001E-02
   25.50      0.5903E-02
   25.60      0.4109E-02
   25.70      0.2631E-02
   25.80      0.1480E-02
   25.90      0.6599E-03
   26.00      0.1716E-03
   26.10      0.9916E-05
   26.20      0.1652E-03
   26.30      0.6238E-03
   26.40      0.1368E-02
   26.50      0.2376E-02
   26.60      0.3623E-02
   26.70      0.5083E-02
   26.80      0.6724E-02
   26.90      0.8516E-02
   27.00      0.1043E-01
   27.10      0.1242E-01
   27.20      0.1446E-01
   27.30      0.1652E-01
   27.40      0.1857E-01
   27.50      0.2056E-01
   27.60      0.2248E-01
   27.70      0.2428E-01
   27.80      0.2596E-01
   27.90      0.2748E-01
   28.00      0.2882E-01
   28.10      0.2996E-01
   28.20      0.3090E-01
   28.30      0.3162E-01
   28.40      0.3211E-01
   28.50      0.3237E-01
   28.60      0.3241E-01
   28.70      0.3221E-01
   28.80      0.3179E-01
   28.90      0.3117E-01
   29.00      0.3034E-01
   29.10      0.2933E-01
   29.20      0.2814E-01
   29.30      0.2681E-01
   29.40      0.2535E-01
   29.50      0.2379E-01
   29.60      0.2214E-01
   29.70      0.2042E-01
   29.80      0.1867E-01
   29.90      0.1691E-01
   30.00      0.1515E-01
   30.10      0.1343E-01
   30.20      0.1176E-01
   30.30      0.1016E-01
   30.40      0.8649E-02
   30.50      0.7249E-02
   30.60      0.5972E-02
   30.70      0.4829E-02
   30.80      0.3832E-02
   30.90      0.2989E-02
   31.00      0.2305E-02
   31.10      0.1784E-02
   31.20      0.1428E-02
   31.30      0.1234E-02
   31.40      0.1199E-02
   31.50      0.1318E-02
   31.60      0.1583E-02
   31.70      0.1985E-02
   31.80      0.2514E-02
   31.90      0.3156E-02
   32.00      0.3898E-02
   32.10      0.4726E-02
   32.20      0.5624E-02
   32.30      0.6577E-02
   32.40      0.7569E-02
   32.50      0.8583E-02
   32.60      0.9603E-02
   32.70      0.1061E-01
   32.80      0.1160E-01
   32.90      0.1255E-01
   33.00      0.1345E-01
   33.10      0.1428E-01
   33.20      0.1504E-01
   33.30      0.1572E-01
   33.40      0.1630E-01
   33.50      0.1678E-01
   33.60      0.1716E-01
   33.70      0.1744E-01
   33.80      0.1760E-01
   33.90      0.1765E-01
   34.00      0.1760E-01
   34.10      0.1744E-01
   34.20      0.1718E-01
   34.30      0.1682E-01
   34.40      0.1637E-01
   34.50      0.1584E-01
   34.60      0.1524E-01
   34.70      0.1457E-01
   34.80      0.1385E-01
   34.90      0.1308E-01
   35.00      0.1228E-01
   35.10      0.1145E-01
   35.20      0.1061E-01
   35.30      0.9772E-02
   35.40      0.8940E-02
   35.50      0.8126E-02
   35.60      0.7339E-02
   35.70      0.6589E-02
   35.80      0.5883E-02
   35.90      0.5228E-02
   36.00      0.4631E-02
   36.10      0.4097E-02
   36.20      0.3631E-02
   36.30      0.3235E-02
   36.40      0.2911E-02
   36.50      0.2662E-02
   36.60      0.2488E-02
   36.70      0.2386E-02
   36.80      0.2357E-02
   36.90      0.2396E-02
   37.00      0.2501E-02
   37.10      0.2668E-02
   37.20      0.2891E-02
   37.30      0.3165E-02
   37.40      0.3484E-02
   37.50      0.3842E-02
   37.60      0.4231E-02
   37.70      0.4646E-02
   37.80      0.5078E-02
   37.90      0.5521E-02
   38.00      0.5968E-02
   38.10      0.6413E-02
   38.20      0.6847E-02
   38.30      0.7267E-02
   38.40      0.7664E-02
   38.50      0.8035E-02
   38.60      0.8374E-02
   38.70      0.8678E-02
   38.80      0.8941E-02
   38.90      0.9163E-02
   39.00      0.9339E-02
   39.10      0.9470E-02
   39.20      0.9552E-02
   39.30      0.9587E-02
   39.40      0.9575E-02
   39.50      0.9516E-02
   39.60      0.9412E-02
   39.70      0.9265E-02
   39.80      0.9077E-02
   39.90      0.8853E-02
   40.00      0.8594E-02
 END
@legend string   1 "Partition=  2 Excit=  1 near/far= 1"
#legend string   0 "Lab energy =  170.0000"
@s1 linestyle   2
#  Theta       sigma       iT11        T20         T21         T22         Kyy for projectile
   0.000       3.123    
  0.1000       3.120    
  0.2000       3.112    
  0.3000       3.098    
  0.4000       3.079    
  0.5000       3.056    
  0.6000       3.030    
  0.7000       3.000    
  0.8000       2.969    
  0.9000       2.937    
   1.000       2.906    
   1.100       2.876    
   1.200       2.849    
   1.300       2.826    
   1.400       2.808    
   1.500       2.797    
   1.600       2.794    
   1.700       2.799    
   1.800       2.813    
   1.900       2.838    
   2.000       2.874    
   2.100       2.921    
   2.200       2.979    
   2.300       3.049    
   2.400       3.129    
   2.500       3.220    
   2.600       3.320    
   2.700       3.428    
   2.800       3.543    
   2.900       3.664    
   3.000       3.789    
   3.100       3.915    
   3.200       4.042    
   3.300       4.166    
   3.400       4.285    
   3.500       4.398    
   3.600       4.502    
   3.700       4.594    
   3.800       4.674    
   3.900       4.738    
   4.000       4.786    
   4.100       4.815    
   4.200       4.825    
   4.300       4.815    
   4.400       4.784    
   4.500       4.732    
   4.600       4.659    
   4.700       4.564    
   4.800       4.451    
   4.900       4.318    
   5.000       4.168    
   5.100       4.002    
   5.200       3.822    
   5.300       3.631    
   5.400       3.430    
   5.500       3.222    
   5.600       3.010    
   5.700       2.796    
   5.800       2.583    
   5.900       2.373    
   6.000       2.169    
   6.100       1.972    
   6.200       1.786    
   6.300       1.611    
   6.400       1.450    
   6.500       1.303    
   6.600       1.172    
   6.700       1.058    
   6.800      0.9608    
   6.900      0.8804    
   7.000      0.8171    
   7.100      0.7702    
   7.200      0.7392    
   7.300      0.7231    
   7.400      0.7208    
   7.500      0.7310    
   7.600      0.7523    
   7.700      0.7830    
   7.800      0.8215    
   7.900      0.8662    
   8.000      0.9153    
   8.100      0.9671    
   8.200       1.020    
   8.300       1.073    
   8.400       1.123    
   8.500       1.170    
   8.600       1.213    
   8.700       1.250    
   8.800       1.281    
   8.900       1.305    
   9.000       1.321    
   9.100       1.328    
   9.200       1.328    
   9.300       1.320    
   9.400       1.303    
   9.500       1.279    
   9.600       1.247    
   9.700       1.209    
   9.800       1.164    
   9.900       1.114    
   10.00       1.060    
   10.10       1.001    
   10.20      0.9402    
   10.30      0.8772    
   10.40      0.8132    
   10.50      0.7490    
   10.60      0.6855    
   10.70      0.6235    
   10.80      0.5637    
   10.90      0.5068    
   11.00      0.4533    
   11.10      0.4038    
   11.20      0.3587    
   11.30      0.3183    
   11.40      0.2827    
   11.50      0.2521    
   11.60      0.2266    
   11.70      0.2061    
   11.80      0.1905    
   11.90      0.1796    
   12.00      0.1730    
   12.10      0.1706    
   12.20      0.1719    
   12.30      0.1765    
   12.40      0.1839    
   12.50      0.1938    
   12.60      0.2056    
   12.70      0.2188    
   12.80      0.2331    
   12.90      0.2479    
   13.00      0.2628    
   13.10      0.2773    
   13.20      0.2912    
   13.30      0.3040    
   13.40      0.3155    
   13.50      0.3254    
   13.60      0.3335    
   13.70      0.3396    
   13.80      0.3436    
   13.90      0.3454    
   14.00      0.3450    
   14.10      0.3424    
   14.20      0.3377    
   14.30      0.3309    
   14.40      0.3221    
   14.50      0.3117    
   14.60      0.2996    
   14.70      0.2861    
   14.80      0.2714    
   14.90      0.2557    
   15.00      0.2393    
   15.10      0.2225    
   15.20      0.2053    
   15.30      0.1881    
   15.40      0.1712    
   15.50      0.1546    
   15.60      0.1386    
   15.70      0.1233    
   15.80      0.1090    
   15.90      0.9568E-01
   16.00      0.8354E-01
   16.10      0.7263E-01
   16.20      0.6303E-01
   16.30      0.5477E-01
   16.40      0.4787E-01
   16.50      0.4233E-01
   16.60      0.3812E-01
   16.70      0.3519E-01
   16.80      0.3349E-01
   16.90      0.3293E-01
   17.00      0.3343E-01
   17.10      0.3489E-01
   17.20      0.3719E-01
   17.30      0.4022E-01
   17.40      0.4386E-01
   17.50      0.4797E-01
   17.60      0.5244E-01
   17.70      0.5713E-01
   17.80      0.6194E-01
   17.90      0.6674E-01
   18.00      0.7142E-01
   18.10      0.7589E-01
   18.20      0.8006E-01
   18.30      0.8384E-01
   18.40      0.8716E-01
   18.50      0.8997E-01
   18.60      0.9223E-01
   18.70      0.9388E-01
   18.80      0.9492E-01
   18.90      0.9534E-01
   19.00      0.9513E-01
   19.10      0.9430E-01
   19.20      0.9288E-01
   19.30      0.9090E-01
   19.40      0.8839E-01
   19.50      0.8540E-01
   19.60      0.8198E-01
   19.70      0.7819E-01
   19.80      0.7408E-01
   19.90      0.6973E-01
   20.00      0.6518E-01
   20.10      0.6052E-01
   20.20      0.5579E-01
   20.30      0.5106E-01
   20.40      0.4640E-01
   20.50      0.4184E-01
   20.60      0.3745E-01
   20.70      0.3328E-01
   20.80      0.2935E-01
   20.90      0.2572E-01
   21.00      0.2240E-01
   21.10      0.1942E-01
   21.20      0.1680E-01
   21.30      0.1456E-01
   21.40      0.1269E-01
   21.50      0.1119E-01
   21.60      0.1007E-01
   21.70      0.9302E-02
   21.80      0.8881E-02
   21.90      0.8785E-02
   22.00      0.8991E-02
   22.10      0.9471E-02
   22.20      0.1020E-01
   22.30      0.1113E-01
   22.40      0.1225E-01
   22.50      0.1352E-01
   22.60      0.1490E-01
   22.70      0.1636E-01
   22.80      0.1786E-01
   22.90      0.1938E-01
   23.00      0.2087E-01
   23.10      0.2232E-01
   23.20      0.2369E-01
   23.30      0.2497E-01
   23.40      0.2613E-01
   23.50      0.2715E-01
   23.60      0.2801E-01
   23.70      0.2871E-01
   23.80      0.2924E-01
   23.90      0.2958E-01
   24.00      0.2975E-01
   24.10      0.2973E-01
   24.20      0.2954E-01
   24.30      0.2917E-01
   24.40      0.2864E-01
   24.50      0.2796E-01
   24.60      0.2713E-01
   24.70      0.2618E-01
   24.80      0.2512E-01
   24.90      0.2397E-01
   25.00      0.2273E-01
   25.10      0.2144E-01
   25.20      0.2010E-01
   25.30      0.1873E-01
   25.40      0.1736E-01
   25.50      0.1600E-01
   25.60      0.1466E-01
   25.70      0.1336E-01
   25.80      0.1211E-01
   25.90      0.1092E-01
   26.00      0.9814E-02
   26.10      0.8788E-02
   26.20      0.7853E-02
   26.30      0.7017E-02
   26.40      0.6283E-02
   26.50      0.5653E-02
   26.60      0.5130E-02
   26.70      0.4713E-02
   26.80      0.4400E-02
   26.90      0.4188E-02
   27.00      0.4072E-02
   27.10      0.4047E-02
   27.20      0.4106E-02
   27.30      0.4243E-02
   27.40      0.4448E-02
   27.50      0.4713E-02
   27.60      0.5030E-02
   27.70      0.5388E-02
   27.80      0.5778E-02
   27.90      0.6190E-02
   28.00      0.6616E-02
   28.10      0.7047E-02
   28.20      0.7473E-02
   28.30      0.7887E-02
   28.40      0.8282E-02
   28.50      0.8649E-02
   28.60      0.8985E-02
   28.70      0.9283E-02
   28.80      0.9539E-02
   28.90      0.9749E-02
   29.00      0.9912E-02
   29.10      0.1002E-01
   29.20      0.1009E-01
   29.30      0.1010E-01
   29.40      0.1005E-01
   29.50      0.9965E-02
   29.60      0.9828E-02
   29.70      0.9645E-02
   29.80      0.9421E-02
   29.90      0.9159E-02
   30.00      0.8863E-02
   30.10      0.8537E-02
   30.20      0.8185E-02
   30.30      0.7812E-02
   30.40      0.7423E-02
   30.50      0.7023E-02
   30.60      0.6616E-02
   30.70      0.6208E-02
   30.80      0.5803E-02
   30.90      0.5404E-02
   31.00      0.5017E-02
   31.10      0.4644E-02
   31.20      0.4289E-02
   31.30      0.3955E-02
   31.40      0.3645E-02
   31.50      0.3361E-02
   31.60      0.3104E-02
   31.70      0.2875E-02
   31.80      0.2676E-02
   31.90      0.2507E-02
   32.00      0.2368E-02
   32.10      0.2257E-02
   32.20      0.2176E-02
   32.30      0.2121E-02
   32.40      0.2092E-02
   32.50      0.2088E-02
   32.60      0.2105E-02
   32.70      0.2142E-02
   32.80      0.2197E-02
   32.90      0.2266E-02
   33.00      0.2349E-02
   33.10      0.2441E-02
   33.20      0.2541E-02
   33.30      0.2646E-02
   33.40      0.2753E-02
   33.50      0.2860E-02
   33.60      0.2966E-02
   33.70      0.3067E-02
   33.80      0.3162E-02
   33.90      0.3250E-02
   34.00      0.3328E-02
   34.10      0.3396E-02
   34.20      0.3452E-02
   34.30      0.3496E-02
   34.40      0.3527E-02
   34.50      0.3543E-02
   34.60      0.3546E-02
   34.70      0.3535E-02
   34.80      0.3511E-02
   34.90      0.3473E-02
   35.00      0.3422E-02
   35.10      0.3359E-02
   35.20      0.3286E-02
   35.30      0.3201E-02
   35.40      0.3108E-02
   35.50      0.3006E-02
   35.60      0.2898E-02
   35.70      0.2784E-02
   35.80      0.2667E-02
   35.90      0.2546E-02
   36.00      0.2423E-02
   36.10      0.2301E-02
   36.20      0.2179E-02
   36.30      0.2059E-02
   36.40      0.1943E-02
   36.50      0.1830E-02
   36.60      0.1723E-02
   36.70      0.1621E-02
   36.80      0.1526E-02
   36.90      0.1438E-02
   37.00      0.1357E-02
   37.10      0.1284E-02
   37.20      0.1219E-02
   37.30      0.1162E-02
   37.40      0.1113E-02
   37.50      0.1072E-02
   37.60      0.1039E-02
   37.70      0.1013E-02
   37.80      0.9948E-03
   37.90      0.9830E-03
   38.00      0.9775E-03
   38.10      0.9776E-03
   38.20      0.9827E-03
   38.30      0.9924E-03
   38.40      0.1006E-02
   38.50      0.1022E-02
   38.60      0.1042E-02
   38.70      0.1063E-02
   38.80      0.1085E-02
   38.90      0.1108E-02
   39.00      0.1130E-02
   39.10      0.1152E-02
   39.20      0.1173E-02
   39.30      0.1193E-02
   39.40      0.1210E-02
   39.50      0.1225E-02
   39.60      0.1237E-02
   39.70      0.1245E-02
   39.80      0.1251E-02
   39.90      0.1253E-02
   40.00      0.1252E-02
 END
